[MAIN]
elementnum=1
[0]
color=255,255,255,255
elementtype=10000
event=null
groundoffset=1568.101929,3168.407715,0.000000
groupfile=null
groupid=0
id=0
kind=“ª∞„¿‡–Õ
mapedit=1
obstacletype=1
pointarray=(0.000000,0.000000,0.000000,) (0.319092,165.662354,0.000000,) 
pointnum=2
radius=0.200000
regionoffset=0.101929,0.407715,0.000000
template=null
templateindex=0
