[MAIN]
elementnum=2
[0]
color=255,255,255,255
elementtype=1003
event=event094
groundoffset=1661.843628,3093.761963,0.000000
groupfile=null
groupid=0
id=200
iframe=0
kind=一般类型
layer=0
mapedit=0
regionoffset=13.843628,21.761963,0.000000
template=\游戏资源\动态物体\npc\npc_野猪.txt
templateindex=0
texHeight=64
texWidth=31
texX=15
texY=60
[1]
color=255,255,255,255
elementtype=1003
event=event094
groundoffset=1654.219238,3084.683350,0.000000
groupfile=null
groupid=0
id=10229
iframe=0
kind=一般类型
layer=0
mapedit=0
regionoffset=6.219238,12.683350,0.000000
template=\游戏资源\动态物体\npc\npc_刺猬.txt
templateindex=0
texHeight=47
texWidth=47
texX=23
texY=42
