[MAIN]
elementnum=1
[0]
color=255,255,255,255
elementtype=10000
event=null
groundoffset=1649.185913,3098.519043,0.000000
groupfile=null
groupid=0
id=0
kind=“ª∞„¿‡–Õ
mapedit=0
obstacletype=1
pointarray=(0.000000,0.000000,0.000000,) (-0.817139,10.667480,0.000000,) (-0.962891,15.927490,0.000000,) (3.234985,25.413086,0.000000,) (3.878296,29.115234,0.000000,) (5.596069,29.661621,0.000000,) (7.830322,27.287354,0.000000,) 
pointnum=7
radius=0.200000
regionoffset=1.185913,26.519043,0.000000
template=null
templateindex=0
