[MAIN]
elementnum=1
[0]
color=255,255,255,255
elementtype=1003
event=两湖区
groundoffset=1624.178467,3249.162842,0.000000
groupfile=null
groupid=0
id=956
iframe=0
kind=一般类型
layer=0
mapedit=0
regionoffset=8.178467,17.162842,0.000000
template=\游戏资源\动态物体\npc\npc_中原山贼1.txt
templateindex=0
texHeight=68
texWidth=38
texX=20
texY=61
