[MAIN]
elementnum=1
[0]
color=255,255,255,255
elementtype=1003
event=两湖区
groundoffset=1607.511108,3280.509033,0.000000
groupfile=null
groupid=0
id=923
iframe=0
kind=一般类型
layer=0
mapedit=0
regionoffset=7.511108,16.509033,0.000000
template=\游戏资源\动态物体\npc\npc_女刺客.txt
templateindex=0
texHeight=73
texWidth=27
texX=15
texY=68
