[MAIN]
elementnum=4
[0]
color=255,255,255,255
elementtype=1003
event=event094
groundoffset=1696.000000,3230.000000,0.000000
groupfile=null
groupid=0
id=153
iframe=0
kind=一般类型
layer=0
mapedit=0
regionoffset=0.000000,30.000000,0.000000
template=\游戏资源\动态物体\npc\npc_野猪.txt
templateindex=0
texHeight=64
texWidth=31
texX=15
texY=60
[1]
color=255,255,255,255
elementtype=1003
event=event094
groundoffset=1703.699829,3203.000000,0.000000
groupfile=null
groupid=0
id=203
iframe=0
kind=一般类型
layer=0
mapedit=0
regionoffset=7.699829,3.000000,0.000000
template=\游戏资源\动态物体\npc\npc_野猪.txt
templateindex=0
texHeight=64
texWidth=31
texX=15
texY=60
[2]
color=255,255,255,255
elementtype=1003
event=event094
groundoffset=1701.186157,3208.046875,0.000000
groupfile=null
groupid=0
id=180
iframe=0
kind=一般类型
layer=0
mapedit=0
regionoffset=5.186157,8.046875,0.000000
template=\游戏资源\动态物体\npc\npc_野猪.txt
templateindex=0
texHeight=64
texWidth=31
texX=15
texY=60
[3]
color=255,255,255,255
elementtype=1003
event=event094
groundoffset=1702.461426,3220.784912,0.000000
groupfile=null
groupid=0
id=10266
iframe=0
kind=一般类型
layer=0
mapedit=0
regionoffset=6.461426,20.784912,0.000000
template=\游戏资源\动态物体\npc\npc_刺猬.txt
templateindex=0
texHeight=47
texWidth=47
texX=23
texY=42
