[MAIN]
elementnum=3
[0]
color=255,255,255,255
elementtype=10000
event=null
groundoffset=1702.243774,3202.398193,0.000000
groupfile=null
groupid=0
id=0
kind=一般类型
mapedit=0
obstacletype=1
pointarray=(0.000000,0.000000,0.000000,) (-1.062988,-0.510986,0.000000,) (-0.820190,-1.858887,0.000000,) (-0.088501,-2.052246,0.000000,) (0.467651,-1.344238,0.000000,) (0.000000,0.000000,0.000000,) 
pointnum=6
radius=0.200000
regionoffset=6.243774,2.398193,0.000000
template=null
templateindex=0
[1]
color=255,255,255,255
elementtype=10000
event=null
groundoffset=1697.821289,3208.731934,0.000000
groupfile=null
groupid=0
id=0
kind=一般类型
mapedit=0
obstacletype=1
pointarray=(0.000000,0.000000,0.000000,) (-0.802856,-0.493896,0.000000,) (-0.764404,-2.045898,0.000000,) (-0.015259,-2.295410,0.000000,) (0.129639,-0.803223,0.000000,) (0.000000,0.000000,0.000000,) 
pointnum=6
radius=0.200000
regionoffset=1.821289,8.731934,0.000000
template=null
templateindex=0
[2]
color=255,255,255,255
elementtype=10000
event=null
groundoffset=1698.818237,3228.063965,0.000000
groupfile=null
groupid=0
id=0
kind=一般类型
mapedit=0
obstacletype=1
pointarray=(0.000000,0.000000,0.000000,) (-0.866577,-0.346680,0.000000,) (-0.468140,-1.332764,0.000000,) (0.164795,-1.449219,0.000000,) (0.000000,0.000000,0.000000,) 
pointnum=5
radius=0.200000
regionoffset=2.818237,28.063965,0.000000
template=null
templateindex=0
