[MAIN]
elementnum=1
[0]
color=255,255,255,255
elementtype=1003
event=两湖区
groundoffset=1640.742065,3216.606689,0.000000
groupfile=null
groupid=0
id=916
iframe=0
kind=一般类型
layer=0
mapedit=0
regionoffset=8.742065,16.606689,0.000000
template=\游戏资源\动态物体\npc\npc_南宋副将2.txt
templateindex=0
texHeight=73
texWidth=33
texX=17
texY=66
