[MAIN]
elementnum=1
[0]
color=255,255,255,255
elementtype=1003
event=两湖区
groundoffset=1656.267456,3312.719727,0.000000
groupfile=null
groupid=0
id=873
iframe=0
kind=一般类型
layer=0
mapedit=0
regionoffset=8.267456,16.719727,0.000000
template=\游戏资源\动态物体\npc\npc_黑熊.txt
templateindex=0
texHeight=65
texWidth=35
texX=17
texY=47
