[MAIN]
elementnum=1
[0]
color=255,255,255,255
elementtype=1003
event=两湖区
groundoffset=1624.414551,3249.855469,0.000000
groupfile=null
groupid=0
id=920
iframe=0
kind=一般类型
layer=0
mapedit=0
regionoffset=8.414551,17.855469,0.000000
template=\游戏资源\动态物体\npc\npc_南宋枪兵2.txt
templateindex=0
texHeight=75
texWidth=41
texX=22
texY=65
