[MAIN]
elementnum=1
[0]
color=255,255,255,255
elementtype=1003
event=两湖区
groundoffset=1623.894531,3185.440186,0.000000
groupfile=null
groupid=0
id=932
iframe=0
kind=一般类型
layer=0
mapedit=0
regionoffset=7.894531,17.440186,0.000000
template=\游戏资源\动态物体\npc\npc_山贼07.txt
templateindex=0
texHeight=70
texWidth=30
texX=16
texY=63
