[MAIN]
elementnum=1
[0]
color=255,255,255,255
elementtype=10000
event=null
groundoffset=1666.581177,3063.622559,0.000000
groupfile=null
groupid=0
id=0
kind=“ª∞„¿‡–Õ
mapedit=0
obstacletype=1
pointarray=(0.000000,0.000000,0.000000,) (8.458008,3.588623,0.000000,) 
pointnum=2
radius=0.200000
regionoffset=2.581177,23.622559,0.000000
template=null
templateindex=0
