[MAIN]
elementnum=3
[0]
color=255,255,255,255
elementtype=1003
event=event094
groundoffset=1686.250854,3089.461670,0.000000
groupfile=null
groupid=0
id=133
iframe=0
kind=一般类型
layer=0
mapedit=0
regionoffset=6.250854,17.461670,0.000000
template=\游戏资源\动态物体\npc\npc_灵猫.txt
templateindex=0
texHeight=38
texWidth=16
texX=8
texY=29
[1]
color=255,255,255,255
elementtype=1003
event=event094
groundoffset=1692.440308,3085.932373,0.000000
groupfile=null
groupid=0
id=10237
iframe=0
kind=一般类型
layer=0
mapedit=0
regionoffset=12.440308,13.932373,0.000000
template=\游戏资源\动态物体\npc\npc_浣熊.txt
templateindex=0
texHeight=37
texWidth=23
texX=12
texY=26
[2]
color=255,255,255,255
elementtype=1003
event=event094
groundoffset=1686.944946,3081.969971,0.000000
groupfile=null
groupid=0
id=10239
iframe=0
kind=一般类型
layer=0
mapedit=0
regionoffset=6.944946,9.969971,0.000000
template=\游戏资源\动态物体\npc\npc_野猪.txt
templateindex=0
texHeight=64
texWidth=31
texX=15
texY=60
