[MAIN]
elementnum=1
[0]
color=255,255,255,255
elementtype=10000
event=null
groundoffset=1686.662354,3100.041992,0.000000
groupfile=null
groupid=0
id=0
kind=“ª∞„¿‡–Õ
mapedit=0
obstacletype=1
pointarray=(0.000000,0.000000,0.000000,) (-2.952515,0.116699,0.000000,) (-6.492798,-1.288330,0.000000,) (-9.472534,-3.654785,0.000000,) (-10.366455,-4.370850,0.000000,) (-12.833740,-5.149902,0.000000,) (-14.669678,-7.202881,0.000000,) (-16.234619,-6.717773,0.000000,) 
pointnum=8
radius=0.200000
regionoffset=6.662354,28.041992,0.000000
template=null
templateindex=0
