[MAIN]
eye=1611.503540,3457.661377,160.000000
scale=14.200000
to=1611.503540,3180.533203,0.000000
