[MAIN]
elementnum=1
[0]
color=255,255,255,255
elementtype=10000
event=null
groundoffset=1627.274780,3118.992188,0.000000
groupfile=null
groupid=0
id=0
kind=“ª∞„¿‡–Õ
mapedit=0
obstacletype=1
pointarray=(0.000000,0.000000,0.000000,) (0.931519,0.636719,0.000000,) (1.201294,-0.580566,0.000000,) (1.170776,-2.745850,0.000000,) (2.114746,-5.116211,0.000000,) (3.706177,-6.193115,0.000000,) (5.324829,-6.133057,0.000000,) (5.771240,-7.638916,0.000000,) (4.076172,-10.565430,0.000000,) (2.636475,-14.165283,0.000000,) (2.743652,-17.516846,0.000000,) (2.147949,-18.733154,0.000000,) (-0.280518,-17.389160,0.000000,) (-1.457153,-14.604492,0.000000,) (-2.947876,-13.727051,0.000000,) (-2.395630,-11.489746,0.000000,) (-1.552612,-10.688477,0.000000,) (-0.337524,-8.670166,0.000000,) (-0.293579,-5.534180,0.000000,) (0.000000,0.000000,0.000000,) 
pointnum=20
radius=0.200000
regionoffset=11.274780,14.992188,0.000000
template=null
templateindex=0
