[MAIN]
elementnum=1
[0]
color=255,255,255,255
elementtype=10000
event=null
groundoffset=1619.209106,3075.364014,0.000000
groupfile=null
groupid=0
id=0
kind=“ª∞„¿‡–Õ
mapedit=0
obstacletype=1
pointarray=(0.000000,0.000000,0.000000,) (-2.638794,3.358398,0.000000,) (-3.782837,5.357178,0.000000,) (-5.012085,6.842285,0.000000,) (-7.457031,4.610107,0.000000,) (-9.511841,3.169922,0.000000,) (-11.925903,2.098389,0.000000,) 
pointnum=7
radius=0.200000
regionoffset=3.209106,3.364014,0.000000
template=null
templateindex=0
