[MAIN]
elementnum=2
[0]
color=255,255,255,255
elementtype=10000
event=null
groundoffset=1623.583130,3101.228027,0.000000
groupfile=null
groupid=0
id=0
kind=一般类型
mapedit=0
obstacletype=1
pointarray=(4.670654,-0.405029,0.000000,) (5.749268,0.264160,0.000000,) (6.456909,-0.832275,0.000000,) (5.252441,-1.628174,0.000000,) (4.670654,-0.405029,0.000000,) 
pointnum=5
radius=0.200000
regionoffset=7.583130,29.228027,0.000000
template=null
templateindex=0
[1]
color=255,255,255,255
elementtype=10000
event=null
groundoffset=1619.718140,3106.596924,0.000000
groupfile=null
groupid=0
id=0
kind=一般类型
mapedit=0
obstacletype=1
pointarray=(4.518555,-0.399414,0.000000,) (5.597168,0.269775,0.000000,) (6.304810,-0.826660,0.000000,) (5.100342,-1.622559,0.000000,) (4.518555,-0.399414,0.000000,) 
pointnum=5
radius=0.200000
regionoffset=3.718140,34.596924,0.000000
template=null
templateindex=0
