[MAIN]
elementnum=2
[0]
color=255,255,255,255
elementtype=1003
event=event094
groundoffset=1617.000000,3274.000000,0.000000
groupfile=null
groupid=0
id=164
iframe=0
kind=一般类型
layer=0
mapedit=0
regionoffset=1.000000,10.000000,0.000000
template=\游戏资源\动态物体\npc\npc_浣熊.txt
templateindex=0
texHeight=37
texWidth=23
texX=12
texY=26
[1]
color=255,255,255,255
elementtype=1003
event=event094
groundoffset=1626.806885,3269.150879,0.000000
groupfile=null
groupid=0
id=10269
iframe=0
kind=一般类型
layer=0
mapedit=0
regionoffset=10.806885,5.150879,0.000000
template=\游戏资源\动态物体\npc\npc_野猪.txt
templateindex=0
texHeight=64
texWidth=31
texX=15
texY=60
