[MAIN]
elementnum=2
[0]
color=255,255,255,255
elementtype=10000
event=null
groundoffset=1622.059326,3274.169922,0.000000
groupfile=null
groupid=0
id=0
kind=一般类型
mapedit=0
obstacletype=1
pointarray=(0.000000,0.000000,0.000000,) (0.937500,-0.187012,0.000000,) (5.693359,0.311279,0.000000,) (8.083618,0.559814,0.000000,) (10.510864,0.213623,0.000000,) (14.053101,-1.265625,0.000000,) (16.409790,-2.997070,0.000000,) 
pointnum=7
radius=0.200000
regionoffset=6.059326,10.169922,0.000000
template=null
templateindex=0
[1]
color=255,255,255,255
elementtype=10000
event=null
groundoffset=1622.366211,3273.292236,0.000000
groupfile=null
groupid=0
id=0
kind=一般类型
mapedit=0
obstacletype=1
pointarray=(0.000000,0.000000,0.000000,) (-0.732544,0.748779,0.000000,) (-0.521240,1.928223,0.000000,) (1.153076,1.866211,0.000000,) (1.065552,0.312256,0.000000,) (0.000000,0.000000,0.000000,) 
pointnum=6
radius=0.200000
regionoffset=6.366211,9.292236,0.000000
template=null
templateindex=0
