[MAIN]
elementnum=1
[0]
color=255,255,255,255
elementtype=1003
event=两湖区
groundoffset=1592.537964,3184.933594,0.000000
groupfile=null
groupid=0
id=895
iframe=0
kind=一般类型
layer=0
mapedit=0
regionoffset=8.537964,16.933594,0.000000
template=\游戏资源\动态物体\npc\npc_金国副将1.txt
templateindex=0
texHeight=92
texWidth=57
texX=30
texY=83
