[MAIN]
brightness=255
color=255,255,255,255
event=ÌìÍõ°ï
rect=208,187,235,200
verson=0
windspeed=0.100000,0.000000,0.000000
IsInDoor=0

[Weather]
WeatherNum=3
Weather0=0
Odds0=20
Weather1=1
Odds1=20
Weather2=2
Odds2=30

HappenTimeMin=15
HappenTimeMax=25