[MAIN]
elementnum=1
[0]
color=255,255,255,255
elementtype=1003
event=两湖区
groundoffset=1640.144775,3281.041748,0.000000
groupfile=null
groupid=0
id=922
iframe=0
kind=一般类型
layer=0
mapedit=0
regionoffset=8.144775,17.041748,0.000000
template=\游戏资源\动态物体\npc\npc_尼姑清和.txt
templateindex=0
texHeight=70
texWidth=27
texX=13
texY=64
