[MAIN]
brightness=255
color=255,255,255,255
event=ÃÏ»ÃΩÃ
rect=95,94,108,103
verson=0
windspeed=0.100000,0.000000,0.000000
