[MAIN]
elementnum=1
[0]
color=255,255,255,255
elementtype=10000
event=null
groundoffset=1564.132935,3071.566162,0.000000
groupfile=null
groupid=0
id=0
kind=“ª∞„¿‡–Õ
mapedit=0
obstacletype=1
pointarray=(0.000000,0.000000,0.000000,) (-2.098389,0.306641,0.000000,) (-7.047607,0.663574,0.000000,) (-8.105347,4.064941,0.000000,) (-8.463867,14.085205,0.000000,) (-8.438354,15.907471,0.000000,) 
pointnum=6
radius=0.200000
regionoffset=12.132935,31.566162,0.000000
template=null
templateindex=0
