[MAIN]
elementnum=4
[0]
color=255,255,255,128
elementtype=1003
event=event094
groundoffset=1674.000000,3160.000000,0.000000
groupfile=null
groupid=0
id=141
iframe=0
kind=一般类型
layer=0
mapedit=0
regionoffset=10.000000,24.000000,0.000000
template=\游戏资源\动态物体\npc\npc_野猪.txt
templateindex=0
texHeight=64
texWidth=31
texX=15
texY=60
[1]
color=255,255,255,128
elementtype=1003
event=event094
groundoffset=1676.000000,3166.000000,0.000000
groupfile=null
groupid=0
id=152
iframe=0
kind=一般类型
layer=0
mapedit=0
regionoffset=12.000000,30.000000,0.000000
template=\游戏资源\动态物体\npc\npc_野猪.txt
templateindex=0
texHeight=64
texWidth=31
texX=15
texY=60
[2]
color=255,255,255,128
elementtype=1003
event=event094
groundoffset=1665.000000,3154.000000,0.000000
groupfile=null
groupid=0
id=184
iframe=0
kind=一般类型
layer=0
mapedit=0
regionoffset=1.000000,18.000000,0.000000
template=\游戏资源\动态物体\npc\npc_浣熊.txt
templateindex=0
texHeight=37
texWidth=23
texX=12
texY=26
[3]
color=255,255,255,255
elementtype=1003
event=两湖区
groundoffset=1668.464600,3151.067383,0.000000
groupfile=null
groupid=0
id=1828
iframe=0
kind=一般类型
layer=0
mapedit=0
regionoffset=4.464600,15.067383,0.000000
template=\游戏资源\动态物体\npc\critter\npc_乌鸦.txt
templateindex=0
texHeight=49
texWidth=37
texX=19
texY=45
