[MAIN]
elementnum=3
[0]
color=255,255,255,255
elementtype=10000
event=null
groundoffset=1664.268433,3142.304199,0.000000
groupfile=null
groupid=0
id=0
kind=一般类型
mapedit=0
obstacletype=1
pointarray=(0.000000,0.000000,0.000000,) (0.895874,2.872070,0.000000,) (3.531982,-0.184570,0.000000,) (4.505859,2.082031,0.000000,) (8.837769,1.776855,0.000000,) (12.380859,2.304688,0.000000,) (14.483276,3.005615,0.000000,) (18.531250,8.642578,0.000000,) (20.166016,15.305420,0.000000,) (20.583008,14.590332,0.000000,) 
pointnum=10
radius=0.200000
regionoffset=0.268433,6.304199,0.000000
template=null
templateindex=0
[1]
color=255,255,255,255
elementtype=10000
event=null
groundoffset=1676.212891,3163.805664,0.000000
groupfile=null
groupid=0
id=0
kind=一般类型
mapedit=0
obstacletype=1
pointarray=(0.000000,0.000000,0.000000,) (-0.597412,-0.114990,0.000000,) (-0.291382,-1.384277,0.000000,) (0.158081,-1.268555,0.000000,) (0.000000,0.000000,0.000000,) 
pointnum=5
radius=0.200000
regionoffset=12.212891,27.805664,0.000000
template=null
templateindex=0
[2]
color=255,255,255,255
elementtype=10000
event=null
groundoffset=1664.815674,3137.689453,0.000000
groupfile=\游戏资源\组件\defaultgroup.txt
groupid=10002833
id=0
kind=一般类型
mapedit=0
obstacletype=1
pointarray=(0.000000,0.000000,0.000000,) (-1.124756,1.557129,0.000000,) (0.368530,3.514160,0.000000,) (1.280396,2.093018,0.000000,) (0.000000,0.000000,0.000000,) 
pointnum=5
radius=0.200000
regionoffset=0.815674,1.689453,0.000000
template=null
templateindex=0
