[MAIN]
elementnum=2
[0]
color=255,255,255,255
elementtype=1003
event=event094
groundoffset=1551.226563,3126.277832,0.000000
groupfile=null
groupid=0
id=171
iframe=0
kind=一般类型
layer=0
mapedit=0
regionoffset=15.226563,22.277832,0.000000
template=\游戏资源\动态物体\npc\npc_野猪.txt
templateindex=0
texHeight=64
texWidth=31
texX=15
texY=60
[1]
color=255,255,255,255
elementtype=1003
event=event094
groundoffset=1550.586304,3132.784912,0.000000
groupfile=null
groupid=0
id=10207
iframe=0
kind=一般类型
layer=0
mapedit=0
regionoffset=14.586304,28.784912,0.000000
template=\游戏资源\动态物体\npc\npc_刺猬.txt
templateindex=0
texHeight=47
texWidth=47
texX=23
texY=42
