[MAIN]
elementnum=1
[0]
color=255,255,255,255
elementtype=10000
event=null
groundoffset=1550.067383,3113.703857,0.000000
groupfile=null
groupid=0
id=0
kind=“ª∞„¿‡–Õ
mapedit=0
obstacletype=1
pointarray=(0.000000,0.000000,0.000000,) (-0.366089,6.457275,0.000000,) (-0.752075,8.623779,0.000000,) (-1.660156,13.451904,0.000000,) (-2.575439,17.869629,0.000000,) (-2.950439,24.847412,0.000000,) 
pointnum=6
radius=0.200000
regionoffset=14.067383,9.703857,0.000000
template=null
templateindex=0
