[MAIN]
elementnum=1
[0]
color=255,255,255,255
elementtype=1003
event=两湖区
groundoffset=1592.541260,3313.572510,0.000000
groupfile=null
groupid=0
id=907
iframe=0
kind=一般类型
layer=0
mapedit=0
regionoffset=8.541260,17.572510,0.000000
template=\游戏资源\动态物体\npc\npc_练功沙袋.txt
templateindex=0
texHeight=116
texWidth=101
texX=30
texY=99
