[MAIN]
elementnum=1
[0]
color=255,255,255,255
elementtype=10000
event=null
groundoffset=1712.396729,3280.802002,0.000000
groupfile=null
groupid=0
id=0
kind=“ª∞„¿‡–Õ
mapedit=0
obstacletype=1
pointarray=(0.000000,0.000000,0.000000,) (0.869385,-1.851563,0.000000,) (3.073608,-7.404053,0.000000,) (4.906738,-15.248291,0.000000,) (4.972656,-19.020996,0.000000,) (4.745850,-25.786865,0.000000,) (2.425659,-32.109619,0.000000,) (0.458618,-36.901855,0.000000,) (-1.782715,-40.304199,0.000000,) (-2.774780,-41.930664,0.000000,) 
pointnum=10
radius=0.200000
regionoffset=0.396729,16.802002,0.000000
template=null
templateindex=0
