[MAIN]
elementnum=4
[0]
color=255,255,255,255
elementtype=10000
event=null
groundoffset=1708.373535,3283.017822,0.000000
groupfile=null
groupid=0
id=0
kind=一般类型
mapedit=0
obstacletype=1
pointarray=(3.720703,-0.365234,0.000000,) (4.799316,0.303955,0.000000,) (5.506958,-0.792480,0.000000,) (4.302490,-1.588379,0.000000,) (3.720703,-0.365234,0.000000,) 
pointnum=5
radius=0.200000
regionoffset=-3.626465,19.017822,0.000000
template=null
templateindex=0
[1]
color=255,255,255,255
elementtype=10000
event=null
groundoffset=1715.991699,3276.013428,0.000000
groupfile=null
groupid=0
id=0
kind=一般类型
mapedit=0
obstacletype=1
pointarray=(4.670654,-0.405029,0.000000,) (5.749268,0.264160,0.000000,) (6.456909,-0.832275,0.000000,) (5.252441,-1.628174,0.000000,) (4.670654,-0.405029,0.000000,) 
pointnum=5
radius=0.200000
regionoffset=3.991699,12.013428,0.000000
template=null
templateindex=0
[2]
color=255,255,255,255
elementtype=10000
event=null
groundoffset=1719.846802,3292.366699,0.000000
groupfile=null
groupid=0
id=0
kind=一般类型
mapedit=0
obstacletype=1
pointarray=(3.546997,-0.489014,0.000000,) (4.625610,0.180175,0.000000,) (5.333252,-0.916260,0.000000,) (4.128784,-1.712159,0.000000,) (3.546997,-0.489014,0.000000,) 
pointnum=5
radius=0.200000
regionoffset=7.846802,28.366699,0.000000
template=null
templateindex=0
[3]
color=255,255,255,255
elementtype=10000
event=null
groundoffset=1713.567871,3292.872559,0.000000
groupfile=null
groupid=0
id=0
kind=一般类型
mapedit=0
obstacletype=1
pointarray=(4.732788,-0.642090,0.000000,) (5.811401,0.027099,0.000000,) (6.519043,-1.069336,0.000000,) (5.314575,-1.865235,0.000000,) (4.732788,-0.642090,0.000000,) 
pointnum=5
radius=0.200000
regionoffset=1.567871,28.872559,0.000000
template=null
templateindex=0
