[MAIN]
elementnum=1
[0]
color=255,255,255,255
elementtype=1003
event=两湖区
groundoffset=1656.293457,3312.108398,0.000000
groupfile=null
groupid=0
id=909
iframe=0
kind=一般类型
layer=0
mapedit=0
regionoffset=8.293457,16.108398,0.000000
template=\游戏资源\动态物体\npc\npc_绿色蟒蛇.txt
templateindex=0
texHeight=46
texWidth=64
texX=39
texY=32
