[MAIN]
elementnum=4
[0]
color=255,255,255,255
elementtype=10000
event=null
groundoffset=1658.328735,3146.829834,0.000000
groupfile=null
groupid=0
id=0
kind=一般类型
mapedit=0
obstacletype=1
pointarray=(0.962891,-1.877930,0.000000,) (-0.072021,-0.906250,0.000000,) (-0.033447,-0.241211,0.000000,) (0.797852,0.180664,0.000000,) (1.464600,-0.664063,0.000000,) (1.274658,-1.391357,0.000000,) (0.962891,-1.877930,0.000000,) 
pointnum=7
radius=0.200000
regionoffset=10.328735,10.829834,0.000000
template=null
templateindex=0
[1]
color=255,255,255,255
elementtype=10000
event=null
groundoffset=1650.603638,3157.861572,0.000000
groupfile=null
groupid=0
id=0
kind=一般类型
mapedit=0
obstacletype=1
pointarray=(3.546997,-0.489014,0.000000,) (4.625610,0.180175,0.000000,) (5.333252,-0.916260,0.000000,) (4.128784,-1.712159,0.000000,) (3.546997,-0.489014,0.000000,) 
pointnum=5
radius=0.200000
regionoffset=2.603638,21.861572,0.000000
template=null
templateindex=0
[2]
color=255,255,255,255
elementtype=10000
event=null
groundoffset=1659.425537,3153.402100,0.000000
groupfile=null
groupid=0
id=0
kind=一般类型
mapedit=0
obstacletype=1
pointarray=(0.000000,0.000000,0.000000,) 
pointnum=1
radius=0.300000
regionoffset=11.425537,17.402100,0.000000
template=null
templateindex=0
[3]
color=255,255,255,255
elementtype=10000
event=null
groundoffset=1648.371460,3153.299316,0.000000
groupfile=null
groupid=0
id=0
kind=一般类型
mapedit=0
obstacletype=1
pointarray=(1.405884,0.499268,0.000000,) (0.496411,1.569629,0.000000,) (2.966406,3.950146,0.000000,) (4.102002,2.982421,0.000000,) (1.405884,0.499268,0.000000,) 
pointnum=5
radius=0.200000
regionoffset=0.371460,17.299316,0.000000
template=null
templateindex=0
