[MAIN]
brightness=255
color=255,255,255,255
event=³É¶¼¸®
rect=94,82,117,102
verson=0
windspeed=0.100000,0.010000,0.000000
