[MAIN]
brightness=255
color=254,255,255,255
event=Á½ºþÇø
rect=52,97,106,143
verson=0
windspeed=0.100000,0.010000,-0.590000
