[MAIN]
brightness=255
color=255,255,255,255
event=null
rect=86,89,124,110
verson=0
windspeed=0.100000,0.010000,0.000000
