[MAIN]
color=255,255,255,255
event=Ã∆√≈
rect=89,90,105,103
verson=0
windspeed=0.100000,0.000000,0.000000
