[MAIN]
elementnum=3
[0]
color=255,255,255,255
elementtype=1003
event=event094
groundoffset=1622.254761,3263.530762,0.000000
groupfile=null
groupid=0
id=198
iframe=0
kind=一般类型
layer=0
mapedit=0
regionoffset=6.254761,31.530762,0.000000
template=\游戏资源\动态物体\npc\npc_刺猬.txt
templateindex=0
texHeight=47
texWidth=47
texX=23
texY=42
[1]
color=255,255,255,255
elementtype=1003
event=event094
groundoffset=1628.345581,3243.985107,0.000000
groupfile=null
groupid=0
id=172
iframe=0
kind=一般类型
layer=0
mapedit=0
regionoffset=12.345581,11.985107,0.000000
template=\游戏资源\动态物体\npc\npc_刺猬.txt
templateindex=0
texHeight=47
texWidth=47
texX=23
texY=42
[2]
color=255,255,255,255
elementtype=1003
event=event094
groundoffset=1629.281616,3263.395752,0.000000
groupfile=null
groupid=0
id=10270
iframe=0
kind=一般类型
layer=0
mapedit=0
regionoffset=13.281616,31.395752,0.000000
template=\游戏资源\动态物体\npc\npc_浣熊.txt
templateindex=0
texHeight=37
texWidth=23
texX=12
texY=26
