[MAIN]
elementnum=1
[0]
color=255,255,255,255
elementtype=10000
event=null
groundoffset=1630.394653,3242.302246,0.000000
groupfile=null
groupid=0
id=0
kind=“ª∞„¿‡–Õ
mapedit=0
obstacletype=1
pointarray=(0.000000,0.000000,0.000000,) (0.934448,-0.645996,0.000000,) (0.718994,-1.885254,0.000000,) (-0.280640,-1.530273,0.000000,) (-0.607422,-0.528320,0.000000,) (0.000000,0.000000,0.000000,) 
pointnum=6
radius=0.200000
regionoffset=14.394653,10.302246,0.000000
template=null
templateindex=0
