[MAIN]
elementnum=3
[0]
color=255,255,255,255
elementtype=10000
event=null
groundoffset=1713.151367,3266.532715,0.000000
groupfile=null
groupid=0
id=0
kind=一般类型
mapedit=0
obstacletype=1
pointarray=(3.720703,-0.365234,0.000000,) (4.799316,0.303955,0.000000,) (5.506958,-0.792480,0.000000,) (4.302490,-1.588379,0.000000,) (3.720703,-0.365234,0.000000,) 
pointnum=5
radius=0.200000
regionoffset=1.151367,34.532715,0.000000
template=null
templateindex=0
[1]
color=255,255,255,255
elementtype=10000
event=null
groundoffset=1709.828369,3249.518555,0.000000
groupfile=null
groupid=0
id=0
kind=一般类型
mapedit=0
obstacletype=1
pointarray=(4.732788,-0.642090,0.000000,) (5.811401,0.027099,0.000000,) (6.519043,-1.069336,0.000000,) (5.314575,-1.865235,0.000000,) (4.732788,-0.642090,0.000000,) 
pointnum=5
radius=0.200000
regionoffset=-2.171631,17.518555,0.000000
template=null
templateindex=0
[2]
color=255,255,255,255
elementtype=10000
event=null
groundoffset=1717.416504,3264.998047,0.000000
groupfile=null
groupid=0
id=0
kind=一般类型
mapedit=0
obstacletype=1
pointarray=(4.670654,-0.405029,0.000000,) (5.749268,0.264160,0.000000,) (6.456909,-0.832275,0.000000,) (5.252441,-1.628174,0.000000,) (4.670654,-0.405029,0.000000,) 
pointnum=5
radius=0.200000
regionoffset=5.416504,32.998047,0.000000
template=null
templateindex=0
