[MAIN]
elementnum=1
[0]
color=255,255,255,255
elementtype=1003
event=两湖区
groundoffset=1575.593628,3216.775635,0.000000
groupfile=null
groupid=0
id=954
iframe=0
kind=一般类型
layer=0
mapedit=0
regionoffset=7.593628,16.775635,0.000000
template=\游戏资源\动态物体\npc\npc_战斗尼姑.txt
templateindex=0
texHeight=66
texWidth=43
texX=13
texY=60
