[MAIN]
brightness=255
color=255,255,255,255
event=event117
rect=97,74,133,108
verson=0
windspeed=0.100000,0.010000,0.000000
