[MAIN]
elementnum=1
[0]
color=255,255,255,255
elementtype=1003
event=两湖区
groundoffset=1640.490723,3345.229004,0.000000
groupfile=null
groupid=0
id=892
iframe=0
kind=一般类型
layer=0
mapedit=0
regionoffset=8.490723,17.229004,0.000000
template=\游戏资源\动态物体\npc\npc_金雕.txt
templateindex=0
texHeight=40
texWidth=128
texX=64
texY=114
