[MAIN]
elementnum=1
[0]
color=255,255,255,255
elementtype=1003
event=两湖区
groundoffset=1592.000122,3312.592285,0.000000
groupfile=null
groupid=0
id=943
iframe=0
kind=一般类型
layer=0
mapedit=0
regionoffset=8.000122,16.592285,0.000000
template=\游戏资源\动态物体\npc\npc_吸血蝙蝠.txt
templateindex=0
texHeight=24
texWidth=26
texX=13
texY=79
