[MAIN]
elementnum=1
[0]
color=255,255,255,255
elementtype=1003
event=两湖区
groundoffset=1640.471436,3217.301514,0.000000
groupfile=null
groupid=0
id=898
iframe=0
kind=一般类型
layer=0
mapedit=0
regionoffset=8.471436,17.301514,0.000000
template=\游戏资源\动态物体\npc\npc_金国官员1.txt
templateindex=0
texHeight=67
texWidth=41
texX=20
texY=62
