[MAIN]
elementnum=1
[0]
color=255,255,255,255
elementtype=1003
event=两湖区
groundoffset=1575.448242,3216.467529,0.000000
groupfile=null
groupid=0
id=936
iframe=0
kind=一般类型
layer=0
mapedit=0
regionoffset=7.448242,16.467529,0.000000
template=\游戏资源\动态物体\npc\npc_秃鹫.txt
templateindex=0
texHeight=44
texWidth=126
texX=63
texY=107
