[MAIN]
elementnum=1
[0]
color=255,255,255,255
elementtype=1003
event=两湖区
groundoffset=1576.177246,3281.578613,0.000000
groupfile=null
groupid=0
id=906
iframe=0
kind=一般类型
layer=0
mapedit=0
regionoffset=8.177246,17.578613,0.000000
template=\游戏资源\动态物体\npc\npc_练功木桩.txt
templateindex=0
texHeight=77
texWidth=59
texX=21
texY=74
