[MAIN]
elementnum=1
[0]
color=255,255,255,255
elementtype=1003
event=两湖区
groundoffset=1608.430908,3345.862793,0.000000
groupfile=null
groupid=0
id=893
iframe=0
kind=一般类型
layer=0
mapedit=0
regionoffset=8.430908,17.862793,0.000000
template=\游戏资源\动态物体\npc\npc_金国捕快2.txt
templateindex=0
texHeight=77
texWidth=42
texX=28
texY=67
