[MAIN]
elementnum=2
[0]
color=255,255,255,128
elementtype=1003
event=event094
groundoffset=1618.000000,3142.000000,0.000000
groupfile=null
groupid=0
id=123
iframe=0
kind=一般类型
layer=0
mapedit=0
regionoffset=2.000000,6.000000,0.000000
template=\游戏资源\动态物体\npc\npc_灵猫.txt
templateindex=0
texHeight=38
texWidth=16
texX=8
texY=29
[1]
color=255,255,255,128
elementtype=1003
event=event094
groundoffset=1621.000000,3151.000000,0.000000
groupfile=null
groupid=0
id=147
iframe=0
kind=一般类型
layer=0
mapedit=0
regionoffset=5.000000,15.000000,0.000000
template=\游戏资源\动态物体\npc\npc_野猪.txt
templateindex=0
texHeight=64
texWidth=31
texX=15
texY=60
