[MAIN]
elementnum=4
[0]
color=255,255,255,255
elementtype=1003
event=event094
groundoffset=1605.439575,3240.142334,0.000000
groupfile=null
groupid=0
id=156
iframe=0
kind=一般类型
layer=0
mapedit=0
regionoffset=5.439575,8.142334,0.000000
template=\游戏资源\动态物体\npc\npc_灵猫.txt
templateindex=0
texHeight=38
texWidth=16
texX=8
texY=29
[1]
color=255,255,255,255
elementtype=1003
event=event094
groundoffset=1608.017822,3248.077637,0.000000
groupfile=null
groupid=0
id=10273
iframe=0
kind=一般类型
layer=0
mapedit=0
regionoffset=8.017822,16.077637,0.000000
template=\游戏资源\动态物体\npc\npc_浣熊.txt
templateindex=0
texHeight=37
texWidth=23
texX=12
texY=26
[2]
color=255,255,255,255
elementtype=1003
event=event094
groundoffset=1601.331421,3236.845947,0.000000
groupfile=null
groupid=0
id=10277
iframe=0
kind=一般类型
layer=0
mapedit=0
regionoffset=1.331421,4.845947,0.000000
template=\游戏资源\动态物体\npc\npc_刺猬.txt
templateindex=0
texHeight=47
texWidth=47
texX=23
texY=42
[3]
color=255,255,255,255
elementtype=1003
event=event094
groundoffset=1610.105835,3238.731201,0.000000
groupfile=null
groupid=0
id=10278
iframe=0
kind=一般类型
layer=0
mapedit=0
regionoffset=10.105835,6.731201,0.000000
template=\游戏资源\动态物体\npc\npc_野猪.txt
templateindex=0
texHeight=64
texWidth=31
texX=15
texY=60
