[MAIN]
brightness=255
color=255,255,255,255
event=Á½ºþÇø
rect=127,171,159,195
verson=0
windspeed=0.100000,0.010000,0.000000
