[MAIN]
elementnum=1
[0]
color=255,255,255,255
elementtype=1003
event=两湖区
groundoffset=1575.885620,3279.707275,0.000000
groupfile=null
groupid=0
id=960
iframe=0
kind=一般类型
layer=0
mapedit=0
regionoffset=7.885620,15.707275,0.000000
template=\游戏资源\动态物体\npc\npc_猞猁.txt
templateindex=0
texHeight=34
texWidth=17
texX=8
texY=30
