[MAIN]
elementnum=1
[0]
color=255,255,255,255
elementtype=1003
event=两湖区
groundoffset=1608.455444,3217.162842,0.000000
groupfile=null
groupid=0
id=899
iframe=0
kind=一般类型
layer=0
mapedit=0
regionoffset=8.455444,17.162842,0.000000
template=\游戏资源\动态物体\npc\npc_金国官员2.txt
templateindex=0
texHeight=83
texWidth=79
texX=55
texY=69
