[MAIN]
elementnum=3
[0]
color=255,255,255,255
elementtype=1003
event=event094
groundoffset=1713.000000,3225.000000,0.000000
groupfile=null
groupid=0
id=202
iframe=0
kind=一般类型
layer=0
mapedit=0
regionoffset=1.000000,25.000000,0.000000
template=\游戏资源\动态物体\npc\npc_灵猫.txt
templateindex=0
texHeight=38
texWidth=16
texX=8
texY=29
[1]
color=255,255,255,255
elementtype=1003
event=event094
groundoffset=1713.035278,3210.854248,0.000000
groupfile=null
groupid=0
id=138
iframe=0
kind=一般类型
layer=0
mapedit=0
regionoffset=1.035278,10.854248,0.000000
template=\游戏资源\动态物体\npc\npc_浣熊.txt
templateindex=0
texHeight=37
texWidth=23
texX=12
texY=26
[2]
color=255,255,255,255
elementtype=1003
event=event094
groundoffset=1717.084351,3218.817627,0.000000
groupfile=null
groupid=0
id=10255
iframe=0
kind=一般类型
layer=0
mapedit=0
regionoffset=5.084351,18.817627,0.000000
template=\游戏资源\动态物体\npc\npc_刺猬.txt
templateindex=0
texHeight=47
texWidth=47
texX=23
texY=42
