[MAIN]
elementnum=3
[0]
color=255,255,255,255
elementtype=10000
event=null
groundoffset=1716.763672,3224.530518,0.000000
groupfile=null
groupid=0
id=0
kind=一般类型
mapedit=0
obstacletype=1
pointarray=(0.000000,0.000000,0.000000,) (1.140991,-3.599365,0.000000,) (2.378784,-12.247070,0.000000,) (2.711914,-17.676758,0.000000,) (2.677612,-24.802002,0.000000,) (1.158081,-29.425049,0.000000,) (-0.036133,-33.144531,0.000000,) 
pointnum=7
radius=0.200000
regionoffset=4.763672,24.530518,0.000000
template=null
templateindex=0
[1]
color=255,255,255,255
elementtype=10000
event=null
groundoffset=1717.634766,3224.748779,0.000000
groupfile=null
groupid=0
id=0
kind=一般类型
mapedit=0
obstacletype=1
pointarray=(0.000000,0.000000,0.000000,) (-7.222778,14.474609,0.000000,) 
pointnum=2
radius=0.200000
regionoffset=5.634766,24.748779,0.000000
template=null
templateindex=0
[2]
color=255,255,255,255
elementtype=10000
event=null
groundoffset=1717.465698,3224.060059,0.000000
groupfile=null
groupid=0
id=0
kind=一般类型
mapedit=0
obstacletype=1
pointarray=(0.000000,0.000000,0.000000,) (-0.544312,-0.403809,0.000000,) (-1.033325,1.034424,0.000000,) (-0.457275,1.720703,0.000000,) (-0.036743,2.005859,0.000000,) (0.000000,0.000000,0.000000,) 
pointnum=6
radius=0.200000
regionoffset=5.465698,24.060059,0.000000
template=null
templateindex=0
