[MAIN]
elementnum=1
[0]
color=255,255,255,255
elementtype=1003
event=两湖区
groundoffset=1640.440063,3215.374756,0.000000
groupfile=null
groupid=0
id=880
iframe=0
kind=一般类型
layer=0
mapedit=0
regionoffset=8.440063,15.374756,0.000000
template=\游戏资源\动态物体\npc\npc_华北山贼首领.txt
templateindex=0
texHeight=65
texWidth=74
texX=35
texY=58
