[MAIN]
elementnum=1
[0]
color=255,255,255,255
elementtype=1003
event=两湖区
groundoffset=1607.820190,3216.467529,0.000000
groupfile=null
groupid=0
id=863
iframe=0
kind=一般类型
layer=0
mapedit=0
regionoffset=7.820190,16.467529,0.000000
template=\游戏资源\动态物体\npc\npc_藏域猴.txt
templateindex=0
texHeight=35
texWidth=24
texX=12
texY=30
