[MAIN]
elementnum=1
[0]
color=255,255,255,255
elementtype=1003
event=两湖区
groundoffset=1608.251221,3282.234375,0.000000
groupfile=null
groupid=0
id=887
iframe=0
kind=一般类型
layer=0
mapedit=0
regionoffset=8.251221,18.234375,0.000000
template=\游戏资源\动态物体\npc\npc_火狼.txt
templateindex=0
texHeight=72
texWidth=27
texX=13
texY=72
