[MAIN]
elementnum=1
[0]
color=255,255,255,255
elementtype=1003
event=两湖区
groundoffset=1575.692749,3347.375244,0.000000
groupfile=null
groupid=0
id=948
iframe=0
kind=一般类型
layer=0
mapedit=0
regionoffset=7.692749,19.375244,0.000000
template=\游戏资源\动态物体\npc\npc_亚洲象.txt
templateindex=0
texHeight=139
texWidth=113
texX=57
texY=123
