[MAIN]
elementnum=1
[0]
color=255,255,255,255
elementtype=10000
event=null
groundoffset=1670.519531,3093.263672,0.000000
groupfile=null
groupid=0
id=0
kind=“ª∞„¿‡–Õ
mapedit=0
obstacletype=1
pointarray=(0.000000,0.000000,0.000000,) (-2.932495,4.310547,0.000000,) (-6.061890,6.076904,0.000000,) (-8.264038,6.544922,0.000000,) (-12.908936,11.919189,0.000000,) (-14.846802,11.742676,0.000000,) (-17.140869,7.207520,0.000000,) (-18.396729,5.263428,0.000000,) (-20.316772,3.298828,0.000000,) (-21.326416,5.202393,0.000000,) 
pointnum=10
radius=0.200000
regionoffset=6.519531,21.263672,0.000000
template=null
templateindex=0
