[MAIN]
elementnum=1
[0]
color=255,255,255,255
elementtype=1003
event=两湖区
groundoffset=1592.493774,3183.629395,0.000000
groupfile=null
groupid=0
id=949
iframe=0
kind=一般类型
layer=0
mapedit=0
regionoffset=8.493774,15.629395,0.000000
template=\游戏资源\动态物体\npc\npc_眼镜蟒蛇.txt
templateindex=0
texHeight=43
texWidth=33
texX=13
texY=37
