[MAIN]
elementnum=3
[0]
color=255,255,255,255
elementtype=1003
event=event094
groundoffset=1598.000000,3068.000000,0.000000
groupfile=null
groupid=0
id=118
iframe=0
kind=一般类型
layer=0
mapedit=0
regionoffset=14.000000,28.000000,0.000000
template=\游戏资源\动态物体\npc\npc_野猪.txt
templateindex=0
texHeight=64
texWidth=31
texX=15
texY=60
[1]
color=255,255,255,255
elementtype=1003
event=event094
groundoffset=1595.989136,3067.569336,0.000000
groupfile=null
groupid=0
id=10219
iframe=0
kind=一般类型
layer=0
mapedit=0
regionoffset=11.989136,27.569336,0.000000
template=\游戏资源\动态物体\npc\npc_刺猬.txt
templateindex=0
texHeight=47
texWidth=47
texX=23
texY=42
[2]
color=255,255,255,255
elementtype=1003
event=event094
groundoffset=1598.599609,3070.755615,0.000000
groupfile=null
groupid=0
id=10220
iframe=0
kind=一般类型
layer=0
mapedit=0
regionoffset=14.599609,30.755615,0.000000
template=\游戏资源\动态物体\npc\npc_刺猬.txt
templateindex=0
texHeight=47
texWidth=47
texX=23
texY=42
