[MAIN]
elementnum=1
[0]
color=255,255,255,255
elementtype=10000
event=null
groundoffset=1586.005005,3063.736816,0.000000
groupfile=null
groupid=0
id=0
kind=“ª∞„¿‡–Õ
mapedit=0
obstacletype=1
pointarray=(0.000000,0.000000,0.000000,) (-2.958740,4.172852,0.000000,) (-3.471802,6.659668,0.000000,) (-4.608643,7.645020,0.000000,) (-6.594971,5.171875,0.000000,) (-9.651001,4.610840,0.000000,) (-12.438843,3.859863,0.000000,) (-16.374023,4.360840,0.000000,) (-18.468994,6.474609,0.000000,) (-20.129150,7.337891,0.000000,) (-21.849731,7.890625,0.000000,) 
pointnum=11
radius=0.200000
regionoffset=2.005005,23.736816,0.000000
template=null
templateindex=0
