[MAIN]
elementnum=2
[0]
color=255,255,255,255
elementtype=1003
event=event094
groundoffset=1635.182129,3265.519043,0.000000
groupfile=null
groupid=0
id=195
iframe=0
kind=一般类型
layer=0
mapedit=0
regionoffset=3.182129,1.519043,0.000000
template=\游戏资源\动态物体\npc\npc_刺猬.txt
templateindex=0
texHeight=47
texWidth=47
texX=23
texY=42
[1]
color=255,255,255,255
elementtype=1003
event=event094
groundoffset=1633.911499,3269.500977,0.000000
groupfile=null
groupid=0
id=10271
iframe=0
kind=一般类型
layer=0
mapedit=0
regionoffset=1.911499,5.500977,0.000000
template=\游戏资源\动态物体\npc\npc_浣熊.txt
templateindex=0
texHeight=37
texWidth=23
texX=12
texY=26
