[MAIN]
elementnum=2
[0]
color=255,255,255,255
elementtype=10000
event=null
groundoffset=1638.466675,3271.112549,0.000000
groupfile=null
groupid=0
id=0
kind=一般类型
mapedit=0
obstacletype=1
pointarray=(0.000000,0.000000,0.000000,) (3.569946,0.479492,0.000000,) (6.326416,3.211670,0.000000,) (11.138550,3.447266,0.000000,) (13.850220,4.035156,0.000000,) 
pointnum=5
radius=0.200000
regionoffset=6.466675,7.112549,0.000000
template=null
templateindex=0
[1]
color=255,255,255,255
elementtype=10000
event=null
groundoffset=1638.812134,3270.330078,0.000000
groupfile=null
groupid=0
id=0
kind=一般类型
mapedit=0
obstacletype=1
pointarray=(0.000000,0.000000,0.000000,) (-1.019165,0.887451,0.000000,) (-0.753052,1.644531,0.000000,) (-0.120117,2.021973,0.000000,) (0.312256,1.707520,0.000000,) (0.556274,1.329346,0.000000,) (0.000000,0.000000,0.000000,) 
pointnum=7
radius=0.200000
regionoffset=6.812134,6.330078,0.000000
template=null
templateindex=0
