[MAIN]
elementnum=3
[0]
color=255,255,255,255
elementtype=1003
event=event094
groundoffset=1563.000000,3193.000000,0.000000
groupfile=null
groupid=0
id=144
iframe=0
kind=一般类型
layer=0
mapedit=0
regionoffset=11.000000,25.000000,0.000000
template=\游戏资源\动态物体\npc\npc_刺猬.txt
templateindex=0
texHeight=47
texWidth=47
texX=23
texY=42
[1]
color=255,255,255,255
elementtype=1003
event=event094
groundoffset=1567.000000,3184.000000,0.000000
groupfile=null
groupid=0
id=149
iframe=0
kind=一般类型
layer=0
mapedit=0
regionoffset=15.000000,16.000000,0.000000
template=\游戏资源\动态物体\npc\npc_灵猫.txt
templateindex=0
texHeight=38
texWidth=16
texX=8
texY=29
[2]
color=255,255,255,255
elementtype=1003
event=event094
groundoffset=1552.791382,3196.295166,0.000000
groupfile=null
groupid=0
id=10210
iframe=0
kind=一般类型
layer=0
mapedit=0
regionoffset=0.791382,28.295166,0.000000
template=\游戏资源\动态物体\npc\npc_刺猬.txt
templateindex=0
texHeight=47
texWidth=47
texX=23
texY=42
