[MAIN]
elementnum=1
[0]
color=255,255,255,255
elementtype=10000
event=null
groundoffset=1561.365967,3191.473145,0.000000
groupfile=null
groupid=0
id=0
kind=“ª∞„¿‡–Õ
mapedit=0
obstacletype=1
pointarray=(4.345825,-0.432617,0.000000,) (5.424438,0.236572,0.000000,) (6.132080,-0.859863,0.000000,) (4.927612,-1.655762,0.000000,) (4.345825,-0.432617,0.000000,) 
pointnum=5
radius=0.200000
regionoffset=9.365967,23.473145,0.000000
template=null
templateindex=0
