[MAIN]
elementnum=1
[0]
color=255,255,255,255
elementtype=1003
event=两湖区
groundoffset=1608.292114,3345.229004,0.000000
groupfile=null
groupid=0
id=875
iframe=0
kind=一般类型
layer=0
mapedit=0
regionoffset=8.292114,17.229004,0.000000
template=\游戏资源\动态物体\npc\npc_红霸王蝙蝠.txt
templateindex=0
texHeight=27
texWidth=28
texX=14
texY=84
