[MAIN]
eye=1598.028442,3473.431885,160.000000
scale=14.200000
to=1598.028442,3196.303711,0.000000
