[MAIN]
elementnum=1
[0]
color=255,255,255,255
elementtype=10000
event=null
groundoffset=1663.555542,3359.725830,0.000000
groupfile=null
groupid=0
id=0
kind=“ª∞„¿‡–Õ
mapedit=0
obstacletype=1
pointarray=(0.000000,0.000000,0.000000,) (0.000000,-72.000000,0.000000,) 
pointnum=2
radius=0.200000
regionoffset=15.555542,31.725830,0.000000
template=null
templateindex=0
