[MAIN]
elementnum=2
[0]
color=255,255,255,255
elementtype=10000
event=null
groundoffset=1547.788086,3233.203125,0.000000
groupfile=null
groupid=0
id=0
kind=一般类型
mapedit=0
obstacletype=1
pointarray=(0.000000,0.000000,0.000000,) (4.562378,-6.600586,0.000000,) 
pointnum=2
radius=0.200000
regionoffset=11.788086,1.203125,0.000000
template=null
templateindex=0
[1]
color=255,255,255,255
elementtype=10000
event=null
groundoffset=1548.314575,3234.417969,0.000000
groupfile=null
groupid=0
id=0
kind=一般类型
mapedit=0
obstacletype=1
pointarray=(0.000000,0.000000,0.000000,) (2.354370,32.365234,0.000000,) 
pointnum=2
radius=0.200000
regionoffset=12.314575,2.417969,0.000000
template=null
templateindex=0
