[MAIN]
elementnum=3
[0]
color=255,255,255,255
elementtype=1003
event=event094
groundoffset=1678.000000,3214.000000,0.000000
groupfile=null
groupid=0
id=110
iframe=0
kind=一般类型
layer=0
mapedit=0
regionoffset=14.000000,14.000000,0.000000
template=\游戏资源\动态物体\npc\npc_浣熊.txt
templateindex=0
texHeight=37
texWidth=23
texX=12
texY=26
[1]
color=255,255,255,255
elementtype=1003
event=event094
groundoffset=1678.443848,3221.334473,0.000000
groupfile=null
groupid=0
id=10256
iframe=0
kind=一般类型
layer=0
mapedit=0
regionoffset=14.443848,21.334473,0.000000
template=\游戏资源\动态物体\npc\npc_刺猬.txt
templateindex=0
texHeight=47
texWidth=47
texX=23
texY=42
[2]
color=255,255,255,255
elementtype=1003
event=event094
groundoffset=1672.512451,3212.338867,0.000000
groupfile=null
groupid=0
id=10257
iframe=0
kind=一般类型
layer=0
mapedit=0
regionoffset=8.512451,12.338867,0.000000
template=\游戏资源\动态物体\npc\npc_刺猬.txt
templateindex=0
texHeight=47
texWidth=47
texX=23
texY=42
