[MAIN]
elementnum=1
[0]
color=255,255,255,255
elementtype=10000
event=null
groundoffset=1675.110718,3216.648926,0.000000
groupfile=null
groupid=0
id=0
kind=“ª∞„¿‡–Õ
mapedit=0
obstacletype=1
pointarray=(0.000000,0.000000,0.000000,) (-0.533325,-0.495117,0.000000,) (-0.483765,-1.489014,0.000000,) (0.327515,-1.302246,0.000000,) (0.645264,-0.619141,0.000000,) (0.000000,0.000000,0.000000,) 
pointnum=6
radius=0.200000
regionoffset=11.110718,16.648926,0.000000
template=null
templateindex=0
