[MAIN]
elementnum=1
[0]
color=255,255,255,255
elementtype=1003
event=两湖区
groundoffset=1608.343262,3281.174561,0.000000
groupfile=null
groupid=0
id=941
iframe=0
kind=一般类型
layer=0
mapedit=0
regionoffset=8.343262,17.174561,0.000000
template=\游戏资源\动态物体\npc\npc_西南山贼2.txt
templateindex=0
texHeight=72
texWidth=38
texX=19
texY=67
