[MAIN]
elementnum=1
[0]
color=255,255,255,255
elementtype=1003
event=两湖区
groundoffset=1607.526123,3280.775635,0.000000
groupfile=null
groupid=0
id=959
iframe=0
kind=一般类型
layer=0
mapedit=0
regionoffset=7.526123,16.775635,0.000000
template=\游戏资源\动态物体\npc\npc_棕熊.txt
templateindex=0
texHeight=64
texWidth=35
texX=17
texY=47
