[MAIN]
elementnum=1
[0]
color=255,255,255,255
elementtype=10000
event=null
groundoffset=1550.816284,3267.489746,0.000000
groupfile=null
groupid=0
id=0
kind=“ª∞„¿‡–Õ
mapedit=0
obstacletype=1
pointarray=(0.000000,0.000000,0.000000,) (2.498413,1.775146,0.000000,) (3.439941,2.216309,0.000000,) (4.192871,3.220703,0.000000,) (4.200562,7.368408,0.000000,) 
pointnum=5
radius=0.200000
regionoffset=14.816284,3.489746,0.000000
template=null
templateindex=0
