[MAIN]
elementnum=1
[0]
color=255,255,255,128
elementtype=1003
event=天忍教
groundoffset=1560.168213,3231.154541,0.000000
groupfile=null
groupid=0
id=365
iframe=0
kind=一般类型
layer=0
mapedit=0
regionoffset=8.168213,31.154541,0.000000
template=\游戏资源\动态物体\box\objsetting_路标42.txt
templateindex=0
texHeight=56
texWidth=59
texX=16
texY=54
