[MAIN]
elementnum=3
[0]
color=255,255,255,255
elementtype=1003
event=event094
groundoffset=1561.508911,3208.563232,0.000000
groupfile=null
groupid=0
id=10211
iframe=0
kind=一般类型
layer=0
mapedit=0
regionoffset=9.508911,8.563232,0.000000
template=\游戏资源\动态物体\npc\npc_刺猬.txt
templateindex=0
texHeight=47
texWidth=47
texX=23
texY=42
[1]
color=255,255,255,255
elementtype=1003
event=event094
groundoffset=1554.669189,3203.979248,0.000000
groupfile=null
groupid=0
id=10212
iframe=0
kind=一般类型
layer=0
mapedit=0
regionoffset=2.669189,3.979248,0.000000
template=\游戏资源\动态物体\npc\npc_灵猫.txt
templateindex=0
texHeight=38
texWidth=16
texX=8
texY=29
[2]
color=255,255,255,255
elementtype=1003
event=event094
groundoffset=1559.296143,3203.920410,0.000000
groupfile=null
groupid=0
id=10213
iframe=0
kind=一般类型
layer=0
mapedit=0
regionoffset=7.296143,3.920410,0.000000
template=\游戏资源\动态物体\npc\npc_野猪.txt
templateindex=0
texHeight=64
texWidth=31
texX=15
texY=60
