[MAIN]
elementnum=4
[0]
color=255,255,255,255
elementtype=10000
event=null
groundoffset=1552.044067,3227.947021,0.000000
groupfile=null
groupid=0
id=0
kind=一般类型
mapedit=0
obstacletype=1
pointarray=(0.000000,0.000000,0.000000,) (-3.333252,-2.702393,0.000000,) (-6.289795,-5.256836,0.000000,) (-8.591553,-4.131104,0.000000,) (-10.084595,0.912354,0.000000,) (-11.163574,5.110107,0.000000,) (-16.349121,4.040039,0.000000,) 
pointnum=7
radius=0.200000
regionoffset=0.044067,27.947021,0.000000
template=null
templateindex=0
[1]
color=255,255,255,255
elementtype=10000
event=null
groundoffset=1558.843140,3225.374268,0.000000
groupfile=null
groupid=0
id=0
kind=一般类型
mapedit=0
obstacletype=1
pointarray=(0.000000,0.000000,0.000000,) (9.961060,2.957275,0.000000,) 
pointnum=2
radius=0.200000
regionoffset=6.843140,25.374268,0.000000
template=null
templateindex=0
[2]
color=255,255,255,255
elementtype=10000
event=null
groundoffset=1558.871460,3225.255127,0.000000
groupfile=null
groupid=0
id=0
kind=一般类型
mapedit=0
obstacletype=1
pointarray=(0.000000,0.000000,0.000000,) (-5.122559,0.833496,0.000000,) 
pointnum=2
radius=0.200000
regionoffset=6.871460,25.255127,0.000000
template=null
templateindex=0
[3]
color=255,255,255,255
elementtype=10000
event=null
groundoffset=1553.846436,3226.343994,0.000000
groupfile=null
groupid=0
id=0
kind=一般类型
mapedit=0
obstacletype=1
pointarray=(0.000000,0.000000,0.000000,) (11.522827,7.525391,0.000000,) 
pointnum=2
radius=0.200000
regionoffset=1.846436,26.343994,0.000000
template=null
templateindex=0
