[MAIN]
elementnum=1
[0]
color=255,255,255,255
elementtype=1003
event=两湖区
groundoffset=1656.487183,3184.327881,0.000000
groupfile=null
groupid=0
id=915
iframe=0
kind=一般类型
layer=0
mapedit=0
regionoffset=8.487183,16.327881,0.000000
template=\游戏资源\动态物体\npc\npc_南宋副将1.txt
templateindex=0
texHeight=85
texWidth=98
texX=41
texY=70
