[MAIN]
elementnum=1
[0]
color=255,255,255,255
elementtype=1003
event=两湖区
groundoffset=1576.180786,3280.242188,0.000000
groupfile=null
groupid=0
id=924
iframe=0
kind=一般类型
layer=0
mapedit=0
regionoffset=8.180786,16.242188,0.000000
template=\游戏资源\动态物体\npc\npc_青狼.txt
templateindex=0
texHeight=53
texWidth=20
texX=10
texY=61
