[MAIN]
elementnum=1
[0]
color=255,255,255,255
elementtype=10000
event=null
groundoffset=1555.664185,3087.380371,0.000000
groupfile=null
groupid=0
id=0
kind=“ª∞„¿‡–Õ
mapedit=0
obstacletype=1
pointarray=(0.000000,0.000000,0.000000,) (-2.458740,10.137207,0.000000,) (-3.352051,15.501953,0.000000,) (-4.714111,20.801025,0.000000,) (-5.604370,26.322998,0.000000,) 
pointnum=5
radius=0.200000
regionoffset=3.664185,15.380371,0.000000
template=null
templateindex=0
