[MAIN]
elementnum=1
[0]
color=255,255,255,255
elementtype=10000
event=null
groundoffset=1592.738281,3049.161377,0.000000
groupfile=null
groupid=0
id=0
kind=“ª∞„¿‡–Õ
mapedit=0
obstacletype=1
pointarray=(4.242798,-0.457275,0.000000,) (5.321411,0.211914,0.000000,) (6.029053,-0.884521,0.000000,) (4.824585,-1.680420,0.000000,) (4.242798,-0.457275,0.000000,) 
pointnum=5
radius=0.200000
regionoffset=8.738281,41.161377,0.000000
template=null
templateindex=0
