[MAIN]
elementnum=1
[0]
color=255,255,255,255
elementtype=1003
event=两湖区
groundoffset=1624.519287,3313.101563,0.000000
groupfile=null
groupid=0
id=962
iframe=0
kind=一般类型
layer=0
mapedit=0
regionoffset=8.519287,17.101563,0.000000
template=\游戏资源\动态物体\npc\npc_蜈蚣.txt
templateindex=0
texHeight=54
texWidth=24
texX=13
texY=30
