[MAIN]
elementnum=1
[0]
color=255,255,255,255
elementtype=1003
event=两湖区
groundoffset=1640.438477,3280.328125,0.000000
groupfile=null
groupid=0
id=904
iframe=0
kind=一般类型
layer=0
mapedit=0
regionoffset=8.438477,16.328125,0.000000
template=\游戏资源\动态物体\npc\npc_金丝猴.txt
templateindex=0
texHeight=37
texWidth=32
texX=13
texY=30
