[MAIN]
elementnum=1
[0]
color=255,255,255,255
elementtype=1003
event=两湖区
groundoffset=1640.708496,3217.023926,0.000000
groupfile=null
groupid=0
id=934
iframe=0
kind=一般类型
layer=0
mapedit=0
regionoffset=8.708496,17.023926,0.000000
template=\游戏资源\动态物体\npc\npc_山贼首领2.txt
templateindex=0
texHeight=90
texWidth=51
texX=22
texY=81
