[MAIN]
elementnum=2
[0]
color=255,255,255,255
elementtype=10000
event=null
groundoffset=1684.226563,3244.971436,0.000000
groupfile=null
groupid=0
id=0
kind=一般类型
mapedit=0
obstacletype=1
pointarray=(0.000000,0.000000,0.000000,) (-0.707764,-0.665527,0.000000,) (-0.559326,-2.065430,0.000000,) (0.242554,-1.821045,0.000000,) (0.520508,-0.847656,0.000000,) (0.000000,0.000000,0.000000,) 
pointnum=6
radius=0.200000
regionoffset=4.226563,12.971436,0.000000
template=null
templateindex=0
[1]
color=255,255,255,255
elementtype=10000
event=null
groundoffset=1688.643433,3235.297852,0.000000
groupfile=null
groupid=0
id=0
kind=一般类型
mapedit=0
obstacletype=1
pointarray=(0.000000,0.000000,0.000000,) (-1.159790,-0.701416,0.000000,) (-0.770142,-2.177002,0.000000,) (0.147827,-2.177002,0.000000,) (0.546387,-1.021240,0.000000,) (0.000000,0.000000,0.000000,) 
pointnum=6
radius=0.200000
regionoffset=8.643433,3.297852,0.000000
template=null
templateindex=0
