[MAIN]
elementnum=1
[0]
color=255,255,255,255
elementtype=10000
event=null
groundoffset=1635.336670,3168.592529,0.000000
groupfile=null
groupid=0
id=0
kind=“ª∞„¿‡–Õ
mapedit=0
obstacletype=1
pointarray=(0.000000,0.000000,0.000000,) (-35.999878,0.000000,0.000000,) 
pointnum=2
radius=0.200000
regionoffset=3.336670,0.592529,0.000000
template=null
templateindex=0
