[MAIN]
elementnum=1
[0]
color=255,255,255,255
elementtype=1003
event=两湖区
groundoffset=1640.125854,3279.841309,0.000000
groupfile=null
groupid=0
id=940
iframe=0
kind=一般类型
layer=0
mapedit=0
regionoffset=8.125854,15.841309,0.000000
template=\游戏资源\动态物体\npc\npc_西南山贼1.txt
templateindex=0
texHeight=71
texWidth=41
texX=20
texY=63
