[MAIN]
elementnum=1
[0]
color=255,255,255,255
elementtype=1003
event=两湖区
groundoffset=1592.264771,3313.307373,0.000000
groupfile=null
groupid=0
id=889
iframe=0
kind=一般类型
layer=0
mapedit=0
regionoffset=8.264771,17.307373,0.000000
template=\游戏资源\动态物体\npc\npc_江南山贼1.txt
templateindex=0
texHeight=70
texWidth=31
texX=13
texY=62
