[MAIN]
elementnum=1
[0]
color=255,255,255,255
elementtype=1003
event=两湖区
groundoffset=1608.391602,3344.592529,0.000000
groupfile=null
groupid=0
id=947
iframe=0
kind=一般类型
layer=0
mapedit=0
regionoffset=8.391602,16.592529,0.000000
template=\游戏资源\动态物体\npc\npc_雪狼.txt
templateindex=0
texHeight=56
texWidth=22
texX=11
texY=63
