[MAIN]
elementnum=1
[0]
color=255,255,255,255
elementtype=1003
event=两湖区
groundoffset=1575.901489,3279.841309,0.000000
groupfile=null
groupid=0
id=888
iframe=0
kind=一般类型
layer=0
mapedit=0
regionoffset=7.901489,15.841309,0.000000
template=\游戏资源\动态物体\npc\npc_火蜥蜴.txt
templateindex=0
texHeight=82
texWidth=66
texX=33
texY=49
