[MAIN]
elementnum=1
[0]
color=255,255,255,255
elementtype=1003
event=两湖区
groundoffset=1639.874512,3279.842773,0.000000
groupfile=null
groupid=0
id=958
iframe=0
kind=一般类型
layer=0
mapedit=0
regionoffset=7.874512,15.842773,0.000000
template=\游戏资源\动态物体\npc\npc_中原山贼首领.txt
templateindex=0
texHeight=77
texWidth=49
texX=29
texY=71
