[MAIN]
elementnum=3
[0]
color=255,255,255,255
elementtype=10000
event=null
groundoffset=1597.403809,3229.141357,0.000000
groupfile=null
groupid=0
id=0
kind=一般类型
mapedit=0
obstacletype=1
pointarray=(0.000000,0.000000,0.000000,) (-0.901733,-0.292236,0.000000,) (-0.832397,-1.347900,0.000000,) (-0.043213,-1.583496,0.000000,) (0.000000,0.000000,0.000000,) 
pointnum=5
radius=0.200000
regionoffset=13.403809,29.141357,0.000000
template=null
templateindex=0
[1]
color=255,255,255,255
elementtype=10000
event=null
groundoffset=1589.502197,3202.124512,0.000000
groupfile=null
groupid=0
id=0
kind=一般类型
mapedit=0
obstacletype=1
pointarray=(0.000000,0.000000,0.000000,) (-6.331787,-5.572510,0.000000,) (-10.409180,-8.975586,0.000000,) (-14.062012,-13.006348,0.000000,) (-6.987061,-20.946533,0.000000,) 
pointnum=5
radius=0.200000
regionoffset=5.502197,2.124512,0.000000
template=null
templateindex=0
[2]
color=255,255,255,255
elementtype=10000
event=null
groundoffset=1594.479980,3212.515625,0.000000
groupfile=null
groupid=0
id=0
kind=一般类型
mapedit=0
obstacletype=1
pointarray=(0.000000,0.000000,0.000000,) (4.548828,-5.052246,0.000000,) (8.906616,-0.356201,0.000000,) (8.869385,3.698730,0.000000,) (5.697998,5.548584,0.000000,) (2.826172,3.989014,0.000000,) (0.000000,0.000000,0.000000,) 
pointnum=7
radius=0.200000
regionoffset=10.479980,12.515625,0.000000
template=null
templateindex=0
