[MAIN]
elementnum=4
[0]
color=255,255,255,255
elementtype=10000
event=null
groundoffset=1595.598022,3211.921875,0.000000
groupfile=null
groupid=0
id=0
kind=一般类型
mapedit=0
obstacletype=1
pointarray=(-0.083618,2.144043,0.000000,) (3.643921,5.832275,0.000000,) (6.092041,3.214355,0.000000,) (2.483154,-1.040039,0.000000,) (-0.083618,2.144043,0.000000,) 
pointnum=5
radius=0.200000
regionoffset=11.598022,11.921875,0.000000
template=null
templateindex=0
[1]
color=255,255,255,255
elementtype=10000
event=null
groundoffset=1586.184204,3208.794434,0.000000
groupfile=null
groupid=0
id=0
kind=一般类型
mapedit=0
obstacletype=1
pointarray=(0.000000,0.000000,0.000000,) 
pointnum=1
radius=0.300000
regionoffset=2.184204,8.794434,0.000000
template=null
templateindex=0
[2]
color=255,255,255,255
elementtype=10000
event=null
groundoffset=1591.844238,3233.226563,0.000000
groupfile=null
groupid=0
id=0
kind=一般类型
mapedit=0
obstacletype=1
pointarray=(4.518555,-0.399414,0.000000,) (5.597168,0.269775,0.000000,) (6.304810,-0.826660,0.000000,) (5.100342,-1.622559,0.000000,) (4.518555,-0.399414,0.000000,) 
pointnum=5
radius=0.200000
regionoffset=7.844238,33.226563,0.000000
template=null
templateindex=0
[3]
color=255,255,255,255
elementtype=10000
event=null
groundoffset=1597.772827,3217.643799,0.000000
groupfile=null
groupid=0
id=0
kind=一般类型
mapedit=0
obstacletype=1
pointarray=(0.891504,-0.024512,0.000000,) (-0.138281,0.930664,0.000000,) (0.958960,1.818457,0.000000,) (1.820117,0.830664,0.000000,) (0.891504,-0.024512,0.000000,) 
pointnum=5
radius=0.200000
regionoffset=13.772827,17.643799,0.000000
template=null
templateindex=0
