[MAIN]
elementnum=1
[0]
color=255,255,255,255
elementtype=1003
event=两湖区
groundoffset=1639.735474,3216.908691,0.000000
groupfile=null
groupid=0
id=952
iframe=0
kind=一般类型
layer=0
mapedit=0
regionoffset=7.735474,16.908691,0.000000
template=\游戏资源\动态物体\npc\npc_野猪.txt
templateindex=0
texHeight=64
texWidth=31
texX=15
texY=60
