[MAIN]
elementnum=2
[0]
color=255,255,255,255
elementtype=1003
event=event094
groundoffset=1715.000000,3189.000000,0.000000
groupfile=null
groupid=0
id=125
iframe=0
kind=一般类型
layer=0
mapedit=0
regionoffset=3.000000,21.000000,0.000000
template=\游戏资源\动态物体\npc\npc_野猪.txt
templateindex=0
texHeight=64
texWidth=31
texX=15
texY=60
[1]
color=255,255,255,255
elementtype=1003
event=event094
groundoffset=1713.772949,3170.473389,0.000000
groupfile=null
groupid=0
id=10248
iframe=0
kind=一般类型
layer=0
mapedit=0
regionoffset=1.772949,2.473389,0.000000
template=\游戏资源\动态物体\npc\npc_刺猬.txt
templateindex=0
texHeight=47
texWidth=47
texX=23
texY=42
