[MAIN]
elementnum=2
[0]
color=255,255,255,255
elementtype=10000
event=null
groundoffset=1716.710205,3191.336914,0.000000
groupfile=null
groupid=0
id=0
kind=一般类型
mapedit=0
obstacletype=1
pointarray=(0.000000,0.000000,0.000000,) (0.600586,-3.451660,0.000000,) (0.536621,-9.126953,0.000000,) (-0.113037,-18.468750,0.000000,) (-0.170044,-21.357666,0.000000,) (-0.172974,-24.386230,0.000000,) (-0.019531,-28.764160,0.000000,) 
pointnum=7
radius=0.200000
regionoffset=4.710205,23.336914,0.000000
template=null
templateindex=0
[1]
color=255,255,255,255
elementtype=10000
event=null
groundoffset=1716.807739,3190.835205,0.000000
groupfile=null
groupid=0
id=0
kind=一般类型
mapedit=0
obstacletype=1
pointarray=(0.000000,0.000000,0.000000,) (-0.396729,0.181885,0.000000,) (-0.449585,0.786865,0.000000,) (-0.195435,1.450195,0.000000,) (0.387329,1.570557,0.000000,) (0.717896,1.028564,0.000000,) (0.000000,0.000000,0.000000,) 
pointnum=7
radius=0.200000
regionoffset=4.807739,22.835205,0.000000
template=null
templateindex=0
