[MAIN]
elementnum=1
[0]
color=255,255,255,255
elementtype=1003
event=两湖区
groundoffset=1576.006470,3216.974365,0.000000
groupfile=null
groupid=0
id=882
iframe=0
kind=一般类型
layer=0
mapedit=0
regionoffset=8.006470,16.974365,0.000000
template=\游戏资源\动态物体\npc\npc_华南山贼1.txt
templateindex=0
texHeight=71
texWidth=40
texX=23
texY=64
