[MAIN]
elementnum=2
[0]
color=255,255,255,128
elementtype=1003
event=event094
groundoffset=1647.000000,3246.000000,0.000000
groupfile=null
groupid=0
id=132
iframe=0
kind=一般类型
layer=0
mapedit=0
regionoffset=15.000000,14.000000,0.000000
template=\游戏资源\动态物体\npc\npc_浣熊.txt
templateindex=0
texHeight=37
texWidth=23
texX=11
texY=56
[1]
color=255,255,255,128
elementtype=1003
event=event094
groundoffset=1633.000000,3237.000000,0.000000
groupfile=null
groupid=0
id=136
iframe=0
kind=一般类型
layer=0
mapedit=0
regionoffset=1.000000,5.000000,0.000000
template=\游戏资源\动态物体\npc\npc_浣熊.txt
templateindex=0
texHeight=37
texWidth=23
texX=11
texY=56
