[MAIN]
elementnum=1
[0]
color=255,255,255,255
elementtype=10000
event=null
groundoffset=1634.971680,3235.980713,0.000000
groupfile=null
groupid=0
id=0
kind=“ª∞„¿‡–Õ
mapedit=0
obstacletype=1
pointarray=(0.000000,0.000000,0.000000,) (1.024048,-0.973389,0.000000,) (1.068970,-2.320557,0.000000,) (-0.541992,-1.829590,0.000000,) (0.000000,0.000000,0.000000,) 
pointnum=5
radius=0.200000
regionoffset=2.971680,3.980713,0.000000
template=null
templateindex=0
