[MAIN]
elementnum=1
[0]
color=255,255,255,255
elementtype=10000
event=null
groundoffset=1554.066284,3271.984131,0.000000
groupfile=null
groupid=0
id=0
kind=“ª∞„¿‡–Õ
mapedit=0
obstacletype=1
pointarray=(0.000000,0.000000,0.000000,) (6.326782,5.813721,0.000000,) (15.156494,2.989502,0.000000,) 
pointnum=3
radius=0.200000
regionoffset=2.066284,7.984131,0.000000
template=null
templateindex=0
