[MAIN]
elementnum=3
[0]
color=255,255,255,255
elementtype=10000
event=null
groundoffset=1551.611572,3293.500000,0.000000
groupfile=null
groupid=0
id=0
kind=一般类型
mapedit=0
obstacletype=1
pointarray=(3.720703,-0.365234,0.000000,) (4.799316,0.303955,0.000000,) (5.506958,-0.792480,0.000000,) (4.302490,-1.588379,0.000000,) (3.720703,-0.365234,0.000000,) 
pointnum=5
radius=0.200000
regionoffset=-0.388428,29.500000,0.000000
template=null
templateindex=0
[1]
color=255,255,255,255
elementtype=10000
event=null
groundoffset=1560.807129,3294.012207,0.000000
groupfile=null
groupid=0
id=0
kind=一般类型
mapedit=0
obstacletype=1
pointarray=(3.546997,-0.489014,0.000000,) (4.625610,0.180175,0.000000,) (5.333252,-0.916260,0.000000,) (4.128784,-1.712159,0.000000,) (3.546997,-0.489014,0.000000,) 
pointnum=5
radius=0.200000
regionoffset=8.807129,30.012207,0.000000
template=null
templateindex=0
[2]
color=255,255,255,255
elementtype=10000
event=null
groundoffset=1556.021118,3279.533936,0.000000
groupfile=null
groupid=0
id=0
kind=一般类型
mapedit=0
obstacletype=1
pointarray=(3.791870,-0.670166,0.000000,) (4.870483,-0.000977,0.000000,) (5.578125,-1.097412,0.000000,) (4.373657,-1.893311,0.000000,) (3.791870,-0.670166,0.000000,) 
pointnum=5
radius=0.200000
regionoffset=4.021118,15.533936,0.000000
template=null
templateindex=0
