[MAIN]
elementnum=2
[0]
color=255,255,255,128
elementtype=1003
event=event094
groundoffset=1715.000000,3163.000000,0.000000
groupfile=null
groupid=0
id=145
iframe=0
kind=一般类型
layer=0
mapedit=0
regionoffset=3.000000,27.000000,0.000000
template=\游戏资源\动态物体\npc\npc_刺猬.txt
templateindex=0
texHeight=47
texWidth=47
texX=23
texY=36
[1]
color=255,255,255,128
elementtype=1003
event=event094
groundoffset=1715.600098,3143.000000,0.000000
groupfile=null
groupid=0
id=146
iframe=0
kind=一般类型
layer=0
mapedit=0
regionoffset=3.600098,7.000000,0.000000
template=\游戏资源\动态物体\npc\npc_刺猬.txt
templateindex=0
texHeight=47
texWidth=47
texX=23
texY=36
