[MAIN]
elementnum=4
[0]
color=255,255,255,255
elementtype=10000
event=null
groundoffset=1716.661865,3162.452881,0.000000
groupfile=null
groupid=0
id=0
kind=一般类型
mapedit=0
obstacletype=1
pointarray=(0.000000,0.000000,0.000000,) (0.700684,-3.692871,0.000000,) (0.876831,-10.736084,0.000000,) (0.790283,-20.358887,0.000000,) (0.920898,-24.541748,0.000000,) 
pointnum=5
radius=0.200000
regionoffset=4.661865,26.452881,0.000000
template=null
templateindex=0
[1]
color=255,255,255,255
elementtype=10000
event=null
groundoffset=1717.582397,3137.887695,0.000000
groupfile=null
groupid=0
id=0
kind=一般类型
mapedit=0
obstacletype=1
pointarray=(0.000000,0.000000,0.000000,) (-0.107788,-4.467285,0.000000,) (-0.769897,-11.662354,0.000000,) (-1.181274,-18.431396,0.000000,) (-0.905029,-21.827881,0.000000,) (1.892700,-23.781738,0.000000,) (5.036987,-27.085938,0.000000,) (3.118896,-33.941895,0.000000,) (0.425781,-41.060791,0.000000,) (-1.128174,-44.157715,0.000000,) 
pointnum=10
radius=0.200000
regionoffset=5.582397,1.887695,0.000000
template=null
templateindex=0
[2]
color=255,255,255,255
elementtype=10000
event=null
groundoffset=1716.801880,3161.542236,0.000000
groupfile=null
groupid=0
id=0
kind=一般类型
mapedit=0
obstacletype=1
pointarray=(0.000000,0.000000,0.000000,) (-0.363647,0.747803,0.000000,) (-0.226807,1.678223,0.000000,) (0.337524,2.172607,0.000000,) (0.515015,1.430420,0.000000,) (0.000000,0.000000,0.000000,) 
pointnum=6
radius=0.200000
regionoffset=4.801880,25.542236,0.000000
template=null
templateindex=0
[3]
color=255,255,255,255
elementtype=10000
event=null
groundoffset=1717.659058,3136.886719,0.000000
groupfile=null
groupid=0
id=0
kind=一般类型
mapedit=0
obstacletype=1
pointarray=(0.000000,0.000000,0.000000,) (-0.417847,0.837891,0.000000,) (-0.130371,2.028076,0.000000,) (0.383179,1.731201,0.000000,) (0.437256,1.016846,0.000000,) (0.000000,0.000000,0.000000,) 
pointnum=6
radius=0.200000
regionoffset=5.659058,0.886719,0.000000
template=null
templateindex=0
