[MAIN]
elementnum=1
[0]
color=255,255,255,255
elementtype=1003
event=两湖区
groundoffset=1624.479858,3185.023682,0.000000
groupfile=null
groupid=0
id=860
iframe=0
kind=一般类型
layer=0
mapedit=0
regionoffset=8.479858,17.023682,0.000000
template=\游戏资源\动态物体\npc\npc_白虎.txt
templateindex=0
texHeight=68
texWidth=26
texX=13
texY=54
