[MAIN]
elementnum=3
[0]
color=255,255,255,255
elementtype=1003
event=event094
groundoffset=1693.000000,3118.000000,0.000000
groupfile=null
groupid=0
id=105
iframe=0
kind=一般类型
layer=0
mapedit=0
regionoffset=13.000000,14.000000,0.000000
template=\游戏资源\动态物体\npc\npc_野猪.txt
templateindex=0
texHeight=64
texWidth=31
texX=15
texY=60
[1]
color=255,255,255,255
elementtype=1003
event=event094
groundoffset=1689.000000,3123.000000,0.000000
groupfile=null
groupid=0
id=130
iframe=0
kind=一般类型
layer=0
mapedit=0
regionoffset=9.000000,19.000000,0.000000
template=\游戏资源\动态物体\npc\npc_灵猫.txt
templateindex=0
texHeight=38
texWidth=16
texX=8
texY=29
[2]
color=255,255,255,255
elementtype=1003
event=event094
groundoffset=1688.244141,3131.311768,0.000000
groupfile=null
groupid=0
id=10242
iframe=0
kind=一般类型
layer=0
mapedit=0
regionoffset=8.244141,27.311768,0.000000
template=\游戏资源\动态物体\npc\npc_刺猬.txt
templateindex=0
texHeight=47
texWidth=47
texX=23
texY=42
