[MAIN]
elementnum=1
[0]
color=255,255,255,255
elementtype=10000
event=null
groundoffset=1688.949341,3120.790039,0.000000
groupfile=null
groupid=0
id=0
kind=“ª∞„¿‡–Õ
mapedit=0
obstacletype=1
pointarray=(0.000000,0.000000,0.000000,) (1.347046,-2.249512,0.000000,) (3.015381,-7.615479,0.000000,) (3.748291,-10.935547,0.000000,) (6.151123,-12.585938,0.000000,) (6.642090,-13.994141,0.000000,) (7.430298,-19.685303,0.000000,) (8.653076,-23.577637,0.000000,) 
pointnum=8
radius=0.200000
regionoffset=8.949341,16.790039,0.000000
template=null
templateindex=0
