[MAIN]
elementnum=3
[0]
color=255,255,255,255
elementtype=1003
event=event094
groundoffset=1647.965942,3097.845215,0.000000
groupfile=null
groupid=0
id=173
iframe=0
kind=一般类型
layer=0
mapedit=0
regionoffset=15.965942,25.845215,0.000000
template=\游戏资源\动态物体\npc\npc_刺猬.txt
templateindex=0
texHeight=47
texWidth=47
texX=23
texY=42
[1]
color=255,255,255,255
elementtype=1003
event=event094
groundoffset=1636.329590,3100.968506,0.000000
groupfile=null
groupid=0
id=190
iframe=0
kind=一般类型
layer=0
mapedit=0
regionoffset=4.329590,28.968506,0.000000
template=\游戏资源\动态物体\npc\npc_灵猫.txt
templateindex=0
texHeight=38
texWidth=16
texX=8
texY=29
[2]
color=255,255,255,255
elementtype=1003
event=event094
groundoffset=1646.984741,3086.024902,0.000000
groupfile=null
groupid=0
id=191
iframe=0
kind=一般类型
layer=0
mapedit=0
regionoffset=14.984741,14.024902,0.000000
template=\游戏资源\动态物体\npc\npc_刺猬.txt
templateindex=0
texHeight=47
texWidth=47
texX=23
texY=42
