[MAIN]
elementnum=1
[0]
color=255,255,255,255
elementtype=1003
event=天忍教
groundoffset=1657.344849,3134.097168,0.000000
groupfile=null
groupid=0
id=1057
iframe=140
kind=一般类型
layer=0
mapedit=0
regionoffset=9.344849,30.097168,0.000000
template=\游戏资源\动态物体\npc\npc_天忍教弟子1.txt
templateindex=140
texHeight=75
texWidth=62
texX=17
texY=69
