[MAIN]
elementnum=3
[0]
color=255,255,255,128
elementtype=1003
event=event094
groundoffset=1572.000000,3140.000000,0.000000
groupfile=null
groupid=0
id=103
iframe=0
kind=一般类型
layer=0
mapedit=0
regionoffset=4.000000,4.000000,0.000000
template=\游戏资源\动态物体\npc\npc_刺猬.txt
templateindex=0
texHeight=47
texWidth=47
texX=23
texY=36
[1]
color=255,255,255,128
elementtype=1003
event=event094
groundoffset=1570.000000,3146.000000,0.000000
groupfile=null
groupid=0
id=196
iframe=0
kind=一般类型
layer=0
mapedit=0
regionoffset=2.000000,10.000000,0.000000
template=\游戏资源\动态物体\npc\npc_野猪.txt
templateindex=0
texHeight=64
texWidth=31
texX=15
texY=60
[2]
color=255,255,255,128
elementtype=1003
event=event094
groundoffset=1577.997437,3147.876221,0.000000
groupfile=null
groupid=0
id=189
iframe=0
kind=一般类型
layer=0
mapedit=0
regionoffset=9.997437,11.876221,0.000000
template=\游戏资源\动态物体\npc\npc_刺猬.txt
templateindex=0
texHeight=47
texWidth=47
texX=23
texY=36
