[MAIN]
elementnum=1
[0]
color=255,255,255,255
elementtype=10000
event=null
groundoffset=1575.604370,3148.927490,0.000000
groupfile=null
groupid=0
id=0
kind=“ª∞„¿‡–Õ
mapedit=0
obstacletype=1
pointarray=(0.000000,0.000000,0.000000,) (0.523926,-0.303467,0.000000,) (0.745850,-1.461914,0.000000,) (-0.272583,-1.278564,0.000000,) (-0.797607,-0.729492,0.000000,) (0.000000,0.000000,0.000000,) 
pointnum=6
radius=0.200000
regionoffset=7.604370,12.927490,0.000000
template=null
templateindex=0
