[MAIN]
elementnum=1
[0]
color=255,255,255,255
elementtype=10000
event=null
groundoffset=1549.675049,3209.529785,0.000000
groupfile=null
groupid=0
id=0
kind=“ª∞„¿‡–Õ
mapedit=0
obstacletype=1
pointarray=(0.000000,0.000000,0.000000,) (3.286377,2.430420,0.000000,) (3.521851,4.636719,0.000000,) (3.664551,7.644531,0.000000,) (3.709473,10.229492,0.000000,) (3.814453,12.531494,0.000000,) (3.680908,16.507324,0.000000,) (2.737427,17.472900,0.000000,) (1.822021,17.713379,0.000000,) (0.353394,17.653320,0.000000,) (-1.514648,17.532959,0.000000,) 
pointnum=11
radius=0.200000
regionoffset=13.675049,9.529785,0.000000
template=null
templateindex=0
