[MAIN]
elementnum=2
[0]
color=255,255,255,128
elementtype=1003
event=中原北区
groundoffset=1551.000000,3231.000000,0.000000
groupfile=null
groupid=0
id=41
iframe=0
kind=一般类型
layer=0
mapedit=0
regionoffset=15.000000,31.000000,0.000000
template=\游戏资源\动态物体\trap\trap_1.txt
templateindex=0
texHeight=16
texWidth=32
texX=0
texY=16
[1]
color=255,255,255,128
elementtype=1003
event=中原北区
groundoffset=1551.000000,3230.000000,0.000000
groupfile=null
groupid=0
id=41
iframe=0
kind=一般类型
layer=0
mapedit=0
regionoffset=15.000000,30.000000,0.000000
template=\游戏资源\动态物体\trap\trap_1.txt
templateindex=0
texHeight=16
texWidth=32
texX=0
texY=16
