[MAIN]
brightness=255
color=255,255,255,255
event=null
rect=98,86,141,108
verson=0
windspeed=0.100000,0.000000,0.000000
