[MAIN]
elementnum=1
[0]
color=255,255,255,255
elementtype=1003
event=两湖区
groundoffset=1656.207886,3248.885010,0.000000
groupfile=null
groupid=0
id=867
iframe=0
kind=一般类型
layer=0
mapedit=0
regionoffset=8.207886,16.885010,0.000000
template=\游戏资源\动态物体\npc\npc_东北虎.txt
templateindex=0
texHeight=76
texWidth=28
texX=14
texY=58
