[MAIN]
elementnum=1
[0]
color=255,255,255,255
elementtype=1003
event=两湖区
groundoffset=1576.077026,3345.101807,0.000000
groupfile=null
groupid=0
id=894
iframe=0
kind=一般类型
layer=0
mapedit=0
regionoffset=8.077026,17.101807,0.000000
template=\游戏资源\动态物体\npc\npc_金国刀兵1.txt
templateindex=0
texHeight=67
texWidth=74
texX=40
texY=58
