[MAIN]
elementnum=1
[0]
color=255,255,255,255
elementtype=1003
event=两湖区
groundoffset=1640.274292,3216.467529,0.000000
groupfile=null
groupid=0
id=862
iframe=0
kind=一般类型
layer=0
mapedit=0
regionoffset=8.274292,16.467529,0.000000
template=\游戏资源\动态物体\npc\npc_苍鹰.txt
templateindex=0
texHeight=45
texWidth=142
texX=71
texY=70
