[MAIN]
elementnum=1
[0]
color=255,255,255,255
elementtype=1003
event=两湖区
groundoffset=1575.812012,3345.101807,0.000000
groupfile=null
groupid=0
id=876
iframe=0
kind=一般类型
layer=0
mapedit=0
regionoffset=7.812012,17.101807,0.000000
template=\游戏资源\动态物体\npc\npc_红狐.txt
templateindex=0
texHeight=35
texWidth=14
texX=7
texY=30
