[MAIN]
elementnum=2
[0]
color=255,255,255,255
elementtype=10000
event=null
groundoffset=1568.493286,3334.435547,0.000000
groupfile=null
groupid=0
id=0
kind=一般类型
mapedit=0
obstacletype=1
pointarray=(0.000000,0.000000,0.000000,) (-0.009888,24.939453,0.000000,) 
pointnum=2
radius=0.200000
regionoffset=0.493286,6.435547,0.000000
template=null
templateindex=0
[1]
color=255,255,255,255
elementtype=10000
event=null
groundoffset=1568.483398,3359.375000,0.000000
groupfile=null
groupid=0
id=0
kind=一般类型
mapedit=1
obstacletype=1
pointarray=(0.000000,0.000000,0.000000,) (60.063721,0.000000,0.000000,) 
pointnum=2
radius=0.200000
regionoffset=0.483398,31.375000,0.000000
template=null
templateindex=0
