[MAIN]
brightness=255
color=255,255,255,255
event=null
rect=100,144,169,172
verson=0
windspeed=0.100000,0.000000,0.000000
