[MAIN]
elementnum=1
[0]
color=255,255,255,255
elementtype=1003
event=两湖区
groundoffset=1656.362427,3249.023926,0.000000
groupfile=null
groupid=0
id=921
iframe=0
kind=一般类型
layer=0
mapedit=0
regionoffset=8.362427,17.023926,0.000000
template=\游戏资源\动态物体\npc\npc_南宋武将1.txt
templateindex=0
texHeight=77
texWidth=47
texX=22
texY=69
