[MAIN]
elementnum=1
[0]
color=255,255,255,255
elementtype=1003
event=天忍教
groundoffset=1711.572021,3251.673096,0.000000
groupfile=null
groupid=0
id=1079
iframe=57
kind=一般类型
layer=0
mapedit=0
regionoffset=15.572021,19.673096,0.000000
template=\游戏资源\动态物体\npc\passerby\npcs_小男孩2.txt
templateindex=57
texHeight=55
texWidth=52
texX=16
texY=49
