[MAIN]
elementnum=2
[0]
color=255,255,255,255
elementtype=10000
event=null
groundoffset=1710.391846,3237.117920,0.000000
groupfile=null
groupid=0
id=0
kind=一般类型
mapedit=0
obstacletype=1
pointarray=(0.000000,0.000000,0.000000,) (-0.031006,0.063232,0.000000,) 
pointnum=2
radius=0.200000
regionoffset=14.391846,5.117920,0.000000
template=null
templateindex=0
[1]
color=255,255,255,255
elementtype=10000
event=null
groundoffset=1709.621338,3238.740723,0.000000
groupfile=null
groupid=0
id=0
kind=一般类型
mapedit=0
obstacletype=1
pointarray=(0.000000,0.000000,0.000000,) (1.240845,-1.082520,0.000000,) (6.202759,1.580078,0.000000,) (11.232544,2.283691,0.000000,) (11.667358,-2.639160,0.000000,) (10.819946,-9.313232,0.000000,) (7.152100,-14.241699,0.000000,) 
pointnum=7
radius=0.200000
regionoffset=13.621338,6.740723,0.000000
template=null
templateindex=0
