[MAIN]
elementnum=4
[0]
color=255,255,255,255
elementtype=1003
event=event094
groundoffset=1706.298950,3195.865479,0.000000
groupfile=null
groupid=0
id=180
iframe=0
kind=一般类型
layer=0
mapedit=0
regionoffset=10.298950,27.865479,0.000000
template=\游戏资源\动态物体\npc\npc_野猪.txt
templateindex=0
texHeight=64
texWidth=31
texX=15
texY=60
[1]
color=255,255,255,255
elementtype=1003
event=event094
groundoffset=1699.586792,3186.149902,0.000000
groupfile=null
groupid=0
id=125
iframe=0
kind=一般类型
layer=0
mapedit=0
regionoffset=3.586792,18.149902,0.000000
template=\游戏资源\动态物体\npc\npc_野猪.txt
templateindex=0
texHeight=64
texWidth=31
texX=15
texY=60
[2]
color=255,255,255,255
elementtype=1003
event=event094
groundoffset=1701.415405,3195.680908,0.000000
groupfile=null
groupid=0
id=161
iframe=0
kind=一般类型
layer=0
mapedit=0
regionoffset=5.415405,27.680908,0.000000
template=\游戏资源\动态物体\npc\npc_灵猫.txt
templateindex=0
texHeight=38
texWidth=16
texX=8
texY=29
[3]
color=255,255,255,255
elementtype=1003
event=event094
groundoffset=1704.256470,3194.322266,0.000000
groupfile=null
groupid=0
id=10254
iframe=0
kind=一般类型
layer=0
mapedit=0
regionoffset=8.256470,26.322266,0.000000
template=\游戏资源\动态物体\npc\npc_刺猬.txt
templateindex=0
texHeight=47
texWidth=47
texX=23
texY=42
