[MAIN]
elementnum=3
[0]
color=255,255,255,255
elementtype=1003
event=event094
groundoffset=1575.000000,3172.000000,0.000000
groupfile=null
groupid=0
id=126
iframe=0
kind=一般类型
layer=0
mapedit=0
regionoffset=7.000000,4.000000,0.000000
template=\游戏资源\动态物体\npc\npc_刺猬.txt
templateindex=0
texHeight=47
texWidth=47
texX=23
texY=42
[1]
color=255,255,255,255
elementtype=1003
event=event094
groundoffset=1568.469604,3173.578125,0.000000
groupfile=null
groupid=0
id=10214
iframe=0
kind=一般类型
layer=0
mapedit=0
regionoffset=0.469604,5.578125,0.000000
template=\游戏资源\动态物体\npc\npc_野猪.txt
templateindex=0
texHeight=64
texWidth=31
texX=15
texY=60
[2]
color=255,255,255,255
elementtype=1003
event=event094
groundoffset=1571.351196,3180.858887,0.000000
groupfile=null
groupid=0
id=10215
iframe=0
kind=一般类型
layer=0
mapedit=0
regionoffset=3.351196,12.858887,0.000000
template=\游戏资源\动态物体\npc\npc_刺猬.txt
templateindex=0
texHeight=47
texWidth=47
texX=23
texY=42
