[MAIN]
elementnum=1
[0]
color=255,255,255,255
elementtype=1003
event=两湖区
groundoffset=1625.240845,3313.572510,0.000000
groupfile=null
groupid=0
id=908
iframe=0
kind=一般类型
layer=0
mapedit=0
regionoffset=9.240845,17.572510,0.000000
template=\游戏资源\动态物体\npc\npc_灵猫.txt
templateindex=0
texHeight=38
texWidth=16
texX=8
texY=29
