[MAIN]
elementnum=2
[0]
color=255,255,255,255
elementtype=1003
event=event094
groundoffset=1651.000000,3273.000000,0.000000
groupfile=null
groupid=0
id=169
iframe=0
kind=一般类型
layer=0
mapedit=0
regionoffset=3.000000,9.000000,0.000000
template=\游戏资源\动态物体\npc\npc_浣熊.txt
templateindex=0
texHeight=37
texWidth=23
texX=12
texY=26
[1]
color=255,255,255,255
elementtype=1003
event=event094
groundoffset=1659.616821,3264.703857,0.000000
groupfile=null
groupid=0
id=10264
iframe=0
kind=一般类型
layer=0
mapedit=0
regionoffset=11.616821,0.703857,0.000000
template=\游戏资源\动态物体\npc\npc_刺猬.txt
templateindex=0
texHeight=47
texWidth=47
texX=23
texY=42
