[MAIN]
elementnum=3
[0]
color=255,255,255,255
elementtype=10000
event=null
groundoffset=1652.277954,3275.147705,0.000000
groupfile=null
groupid=0
id=0
kind=一般类型
mapedit=0
obstacletype=1
pointarray=(0.000000,0.000000,0.000000,) (3.953979,0.644287,0.000000,) (6.696899,0.761230,0.000000,) (9.910889,-1.354736,0.000000,) (11.620728,-1.769043,0.000000,) 
pointnum=5
radius=0.200000
regionoffset=4.277954,11.147705,0.000000
template=null
templateindex=0
[1]
color=255,255,255,255
elementtype=10000
event=null
groundoffset=1663.849365,3273.319336,0.000000
groupfile=null
groupid=0
id=0
kind=一般类型
mapedit=0
obstacletype=1
pointarray=(0.000000,0.000000,0.000000,) (5.216309,1.945557,0.000000,) (7.844604,1.828369,0.000000,) (9.277832,0.355225,0.000000,) (12.206421,-0.593750,0.000000,) (14.593140,-1.189453,0.000000,) (16.953247,0.118408,0.000000,) (19.788330,-0.653320,0.000000,) 
pointnum=8
radius=0.200000
regionoffset=15.849365,9.319336,0.000000
template=null
templateindex=0
[2]
color=255,255,255,255
elementtype=10000
event=null
groundoffset=1652.700317,3274.600586,0.000000
groupfile=null
groupid=0
id=0
kind=一般类型
mapedit=0
obstacletype=1
pointarray=(0.000000,0.000000,0.000000,) (-0.807861,0.062012,0.000000,) (-0.835327,0.867188,0.000000,) (0.034058,1.422363,0.000000,) (0.621826,0.681641,0.000000,) (0.000000,0.000000,0.000000,) 
pointnum=6
radius=0.200000
regionoffset=4.700317,10.600586,0.000000
template=null
templateindex=0
