[MAIN]
elementnum=1
[0]
color=255,255,255,255
elementtype=1003
event=两湖区
groundoffset=1624.000000,3248.352783,0.000000
groupfile=null
groupid=0
id=902
iframe=0
kind=一般类型
layer=0
mapedit=0
regionoffset=8.000000,16.352783,0.000000
template=\游戏资源\动态物体\npc\npc_金猫.txt
templateindex=0
texHeight=32
texWidth=14
texX=7
texY=26
