[MAIN]
elementnum=1
[0]
color=255,255,255,255
elementtype=1003
event=两湖区
groundoffset=1656.066040,3248.933838,0.000000
groupfile=null
groupid=0
id=903
iframe=0
kind=一般类型
layer=0
mapedit=0
regionoffset=8.066040,16.933838,0.000000
template=\游戏资源\动态物体\npc\npc_金钱豹.txt
templateindex=0
texHeight=68
texWidth=26
texX=13
texY=54
