[MAIN]
elementnum=1
[0]
color=255,255,255,255
elementtype=1003
event=两湖区
groundoffset=1592.277222,3248.885010,0.000000
groupfile=null
groupid=0
id=865
iframe=0
kind=一般类型
layer=0
mapedit=0
regionoffset=8.277222,16.885010,0.000000
template=\游戏资源\动态物体\npc\npc_赤练蟒蛇.txt
templateindex=0
texHeight=46
texWidth=64
texX=39
texY=32
