[MAIN]
elementnum=1
[0]
color=255,255,255,255
elementtype=1003
event=两湖区
groundoffset=1656.477783,3184.606445,0.000000
groupfile=null
groupid=0
id=861
iframe=0
kind=一般类型
layer=0
mapedit=0
regionoffset=8.477783,16.606445,0.000000
template=\游戏资源\动态物体\npc\npc_白猪.txt
templateindex=0
texHeight=49
texWidth=21
texX=11
texY=40
