[MAIN]
eye=1588.000000,3607.260010,160.000000
scale=6.400000
to=1588.000000,3330.131836,0.000000
