[MAIN]
elementnum=3
[0]
color=255,255,255,255
elementtype=1003
event=event094
groundoffset=1633.000000,3066.401367,0.000000
groupfile=null
groupid=0
id=128
iframe=0
kind=一般类型
layer=0
mapedit=0
regionoffset=1.000000,26.401367,0.000000
template=\游戏资源\动态物体\npc\npc_灵猫.txt
templateindex=0
texHeight=38
texWidth=16
texX=8
texY=29
[1]
color=255,255,255,255
elementtype=1003
event=event094
groundoffset=1638.000000,3070.401367,0.000000
groupfile=null
groupid=0
id=190
iframe=0
kind=一般类型
layer=0
mapedit=0
regionoffset=6.000000,30.401367,0.000000
template=\游戏资源\动态物体\npc\npc_灵猫.txt
templateindex=0
texHeight=38
texWidth=16
texX=8
texY=29
[2]
color=255,255,255,255
elementtype=1003
event=event094
groundoffset=1634.755737,3068.658936,0.000000
groupfile=null
groupid=0
id=10230
iframe=0
kind=一般类型
layer=0
mapedit=0
regionoffset=2.755737,28.658936,0.000000
template=\游戏资源\动态物体\npc\npc_刺猬.txt
templateindex=0
texHeight=47
texWidth=47
texX=23
texY=42
