[MAIN]
elementnum=2
[0]
color=255,255,255,255
elementtype=10000
event=null
groundoffset=1636.398438,3064.309082,0.000000
groupfile=null
groupid=0
id=0
kind=一般类型
mapedit=0
obstacletype=1
pointarray=(0.000000,0.000000,0.000000,) (-1.238892,-1.531494,0.000000,) (-4.546387,-3.722656,0.000000,) (-7.813599,-3.010986,0.000000,) (-9.570313,-4.372070,0.000000,) (-12.585815,-2.237549,0.000000,) (-14.430054,-1.275391,0.000000,) 
pointnum=7
radius=0.200000
regionoffset=4.398438,24.309082,0.000000
template=null
templateindex=0
[1]
color=255,255,255,255
elementtype=10000
event=null
groundoffset=1647.296631,3068.208008,0.000000
groupfile=null
groupid=0
id=0
kind=一般类型
mapedit=0
obstacletype=1
pointarray=(0.000000,0.000000,0.000000,) (-2.549194,-2.002197,0.000000,) (-4.017212,-0.186768,0.000000,) (-6.021362,1.918945,0.000000,) (-7.845825,-0.748291,0.000000,) (-8.885986,-2.758545,0.000000,) (-10.904785,-3.898926,0.000000,) 
pointnum=7
radius=0.200000
regionoffset=15.296631,28.208008,0.000000
template=null
templateindex=0
