[MAIN]
elementnum=4
[0]
color=255,255,255,255
elementtype=10000
event=null
groundoffset=1642.605835,3068.013672,0.000000
groupfile=null
groupid=0
id=0
kind=一般类型
mapedit=0
obstacletype=1
pointarray=(4.242798,-0.457275,0.000000,) (5.321411,0.211914,0.000000,) (6.029053,-0.884521,0.000000,) (4.824585,-1.680420,0.000000,) (4.242798,-0.457275,0.000000,) 
pointnum=5
radius=0.200000
regionoffset=10.605835,28.013672,0.000000
template=null
templateindex=0
[1]
color=255,255,255,255
elementtype=10000
event=null
groundoffset=1635.593750,3070.125000,0.000000
groupfile=null
groupid=0
id=0
kind=一般类型
mapedit=0
obstacletype=1
pointarray=(4.670654,-0.405029,0.000000,) (5.749268,0.264160,0.000000,) (6.456909,-0.832275,0.000000,) (5.252441,-1.628174,0.000000,) (4.670654,-0.405029,0.000000,) 
pointnum=5
radius=0.200000
regionoffset=3.593750,30.125000,0.000000
template=null
templateindex=0
[2]
color=255,255,255,255
elementtype=10000
event=null
groundoffset=1640.502319,3058.935303,0.000000
groupfile=null
groupid=0
id=0
kind=一般类型
mapedit=0
obstacletype=1
pointarray=(3.720703,-0.365234,0.000000,) (4.799316,0.303955,0.000000,) (5.506958,-0.792480,0.000000,) (4.302490,-1.588379,0.000000,) (3.720703,-0.365234,0.000000,) 
pointnum=5
radius=0.200000
regionoffset=8.502319,18.935303,0.000000
template=null
templateindex=0
[3]
color=255,255,255,255
elementtype=10000
event=null
groundoffset=1631.239380,3064.656494,0.000000
groupfile=null
groupid=0
id=0
kind=一般类型
mapedit=0
obstacletype=1
pointarray=(4.518555,-0.399414,0.000000,) (5.597168,0.269775,0.000000,) (6.304810,-0.826660,0.000000,) (5.100342,-1.622559,0.000000,) (4.518555,-0.399414,0.000000,) 
pointnum=5
radius=0.200000
regionoffset=-0.760620,24.656494,0.000000
template=null
templateindex=0
