[MAIN]
elementnum=1
[0]
color=255,255,255,255
elementtype=1003
event=两湖区
groundoffset=1608.462158,3344.328125,0.000000
groupfile=null
groupid=0
id=929
iframe=0
kind=一般类型
layer=0
mapedit=0
regionoffset=8.462158,16.328125,0.000000
template=\游戏资源\动态物体\npc\npc_山贼04.txt
templateindex=0
texHeight=74
texWidth=51
texX=33
texY=66
