[MAIN]
eye=1612.000000,3575.260010,160.000000
scale=6.400000
to=1612.000000,3298.131836,0.000000
