[MAIN]
elementnum=1
[0]
color=255,255,255,255
elementtype=1003
event=两湖区
groundoffset=1592.403198,3249.054443,0.000000
groupfile=null
groupid=0
id=883
iframe=0
kind=一般类型
layer=0
mapedit=0
regionoffset=8.403198,17.054443,0.000000
template=\游戏资源\动态物体\npc\npc_华南山贼2.txt
templateindex=0
texHeight=71
texWidth=29
texX=19
texY=62
