[MAIN]
elementnum=3
[0]
color=255,255,255,255
elementtype=1003
event=event094
groundoffset=1595.295776,3251.496094,0.000000
groupfile=null
groupid=0
id=10274
iframe=0
kind=一般类型
layer=0
mapedit=0
regionoffset=11.295776,19.496094,0.000000
template=\游戏资源\动态物体\npc\npc_浣熊.txt
templateindex=0
texHeight=37
texWidth=23
texX=12
texY=26
[1]
color=255,255,255,255
elementtype=1003
event=event094
groundoffset=1599.287109,3256.836914,0.000000
groupfile=null
groupid=0
id=10275
iframe=0
kind=一般类型
layer=0
mapedit=0
regionoffset=15.287109,24.836914,0.000000
template=\游戏资源\动态物体\npc\npc_刺猬.txt
templateindex=0
texHeight=47
texWidth=47
texX=23
texY=42
[2]
color=255,255,255,255
elementtype=1003
event=event094
groundoffset=1593.553223,3248.077637,0.000000
groupfile=null
groupid=0
id=10276
iframe=0
kind=一般类型
layer=0
mapedit=0
regionoffset=9.553223,16.077637,0.000000
template=\游戏资源\动态物体\npc\npc_刺猬.txt
templateindex=0
texHeight=47
texWidth=47
texX=23
texY=42
