[MAIN]
elementnum=1
[0]
color=255,255,255,255
elementtype=10000
event=null
groundoffset=1592.644775,3255.892090,0.000000
groupfile=null
groupid=0
id=0
kind=“ª∞„¿‡–Õ
mapedit=0
obstacletype=1
pointarray=(0.000000,0.000000,0.000000,) (-1.271118,-0.789307,0.000000,) (-1.251709,-1.520996,0.000000,) (-0.111816,-1.582031,0.000000,) (0.000000,0.000000,0.000000,) 
pointnum=5
radius=0.200000
regionoffset=8.644775,23.892090,0.000000
template=null
templateindex=0
