[MAIN]
elementnum=3
[0]
color=255,255,255,255
elementtype=1003
event=event094
groundoffset=1685.000000,3229.000000,0.000000
groupfile=null
groupid=0
id=150
iframe=0
kind=一般类型
layer=0
mapedit=0
regionoffset=5.000000,29.000000,0.000000
template=\游戏资源\动态物体\npc\npc_浣熊.txt
templateindex=0
texHeight=37
texWidth=23
texX=12
texY=26
[1]
color=255,255,255,255
elementtype=1003
event=event094
groundoffset=1695.192139,3205.500977,0.000000
groupfile=null
groupid=0
id=161
iframe=0
kind=一般类型
layer=0
mapedit=0
regionoffset=15.192139,5.500977,0.000000
template=\游戏资源\动态物体\npc\npc_灵猫.txt
templateindex=0
texHeight=38
texWidth=16
texX=8
texY=29
[2]
color=255,255,255,255
elementtype=1003
event=event094
groundoffset=1689.899170,3216.453613,0.000000
groupfile=null
groupid=0
id=10267
iframe=0
kind=一般类型
layer=0
mapedit=0
regionoffset=9.899170,16.453613,0.000000
template=\游戏资源\动态物体\npc\npc_刺猬.txt
templateindex=0
texHeight=47
texWidth=47
texX=23
texY=42
