[MAIN]
elementnum=1
[0]
color=255,255,255,255
elementtype=10000
event=null
groundoffset=1682.472778,3231.997070,0.000000
groupfile=null
groupid=0
id=0
kind=“ª∞„¿‡–Õ
mapedit=0
obstacletype=1
pointarray=(0.000000,0.000000,0.000000,) (-0.583496,-0.771973,0.000000,) (-0.716431,-2.026123,0.000000,) (0.260620,-2.026123,0.000000,) (0.145996,-0.891113,0.000000,) (0.000000,0.000000,0.000000,) 
pointnum=6
radius=0.200000
regionoffset=2.472778,31.997070,0.000000
template=null
templateindex=0
