[MAIN]
elementnum=3
[0]
color=255,255,255,255
elementtype=1003
event=event094
groundoffset=1714.000000,3121.000000,0.000000
groupfile=null
groupid=0
id=183
iframe=0
kind=一般类型
layer=0
mapedit=0
regionoffset=2.000000,17.000000,0.000000
template=\游戏资源\动态物体\npc\npc_浣熊.txt
templateindex=0
texHeight=37
texWidth=23
texX=12
texY=26
[1]
color=255,255,255,255
elementtype=1003
event=event094
groundoffset=1713.000000,3108.401367,0.000000
groupfile=null
groupid=0
id=109
iframe=0
kind=一般类型
layer=0
mapedit=0
regionoffset=1.000000,4.401367,0.000000
template=\游戏资源\动态物体\npc\npc_野猪.txt
templateindex=0
texHeight=64
texWidth=31
texX=15
texY=60
[2]
color=255,255,255,255
elementtype=1003
event=event094
groundoffset=1714.148926,3132.356445,0.000000
groupfile=null
groupid=0
id=10241
iframe=0
kind=一般类型
layer=0
mapedit=0
regionoffset=2.148926,28.356445,0.000000
template=\游戏资源\动态物体\npc\npc_野猪.txt
templateindex=0
texHeight=64
texWidth=31
texX=15
texY=60
