[MAIN]
elementnum=1
[0]
color=255,255,255,255
elementtype=10000
event=null
groundoffset=1712.377930,3104.197266,0.000000
groupfile=null
groupid=0
id=0
kind=“ª∞„¿‡–Õ
mapedit=0
obstacletype=1
pointarray=(0.000000,0.000000,0.000000,) (-1.063232,-0.377441,0.000000,) (-1.095093,-1.387695,0.000000,) (-0.498535,-1.577637,0.000000,) (0.000000,0.000000,0.000000,) 
pointnum=5
radius=0.200000
regionoffset=0.377930,0.197266,0.000000
template=null
templateindex=0
