[MAIN]
elementnum=3
[0]
color=255,255,255,255
elementtype=10000
event=null
groundoffset=1712.581543,3141.319336,0.000000
groupfile=null
groupid=0
id=0
kind=一般类型
mapedit=0
obstacletype=1
pointarray=(4.732788,-0.642090,0.000000,) (5.811401,0.027099,0.000000,) (6.519043,-1.069336,0.000000,) (5.314575,-1.865235,0.000000,) (4.732788,-0.642090,0.000000,) 
pointnum=5
radius=0.200000
regionoffset=0.581543,37.319336,0.000000
template=null
templateindex=0
[1]
color=255,255,255,255
elementtype=10000
event=null
groundoffset=1712.388062,3120.623535,0.000000
groupfile=null
groupid=0
id=0
kind=一般类型
mapedit=0
obstacletype=1
pointarray=(3.720703,-0.365234,0.000000,) (4.799316,0.303955,0.000000,) (5.506958,-0.792480,0.000000,) (4.302490,-1.588379,0.000000,) (3.720703,-0.365234,0.000000,) 
pointnum=5
radius=0.200000
regionoffset=0.388062,16.623535,0.000000
template=null
templateindex=0
[2]
color=255,255,255,255
elementtype=10000
event=null
groundoffset=1720.628662,3131.146729,0.000000
groupfile=null
groupid=0
id=0
kind=一般类型
mapedit=0
obstacletype=1
pointarray=(3.546997,-0.489014,0.000000,) (4.625610,0.180175,0.000000,) (5.333252,-0.916260,0.000000,) (4.128784,-1.712159,0.000000,) (3.546997,-0.489014,0.000000,) 
pointnum=5
radius=0.200000
regionoffset=8.628662,27.146729,0.000000
template=null
templateindex=0
