[MAIN]
elementnum=4
[0]
color=255,255,255,255
elementtype=1003
event=event094
groundoffset=1588.499878,3100.133789,0.000000
groupfile=null
groupid=0
id=124
iframe=0
kind=一般类型
layer=0
mapedit=0
regionoffset=4.499878,28.133789,0.000000
template=\游戏资源\动态物体\npc\npc_刺猬.txt
templateindex=0
texHeight=47
texWidth=47
texX=23
texY=42
[1]
color=255,255,255,128
elementtype=1003
event=两湖区
groundoffset=1589.450806,3073.141357,0.000000
groupfile=null
groupid=0
id=1830
iframe=72
kind=一般类型
layer=0
mapedit=0
regionoffset=5.450806,1.141357,0.000000
template=\游戏资源\动态物体\npc\critter\npc_乌鸦.txt
templateindex=72
texHeight=55
texWidth=28
texX=19
texY=53
[2]
color=255,255,255,255
elementtype=1003
event=event094
groundoffset=1595.869873,3092.038330,0.000000
groupfile=null
groupid=0
id=118
iframe=0
kind=一般类型
layer=0
mapedit=0
regionoffset=11.869873,20.038330,0.000000
template=\游戏资源\动态物体\npc\npc_野猪.txt
templateindex=0
texHeight=64
texWidth=31
texX=15
texY=60
[3]
color=255,255,255,255
elementtype=1003
event=event094
groundoffset=1590.776733,3090.029297,0.000000
groupfile=null
groupid=0
id=10218
iframe=0
kind=一般类型
layer=0
mapedit=0
regionoffset=6.776733,18.029297,0.000000
template=\游戏资源\动态物体\npc\npc_刺猬.txt
templateindex=0
texHeight=47
texWidth=47
texX=23
texY=42
