[MAIN]
brightness=255
color=255,255,255,255
event=Ã∆√≈
rect=219,142,273,183
verson=0
windspeed=0.100000,0.000000,0.000000
