[MAIN]
elementnum=1
[0]
color=255,255,255,255
elementtype=1003
event=两湖区
groundoffset=1575.855225,3216.188721,0.000000
groupfile=null
groupid=0
id=900
iframe=0
kind=一般类型
layer=0
mapedit=0
regionoffset=7.855225,16.188721,0.000000
template=\游戏资源\动态物体\npc\npc_金国枪兵2.txt
templateindex=0
texHeight=66
texWidth=41
texX=18
texY=54
