[MAIN]
elementnum=1
[0]
color=255,255,255,255
elementtype=1003
event=两湖区
groundoffset=1656.509888,3313.705078,0.000000
groupfile=null
groupid=0
id=891
iframe=0
kind=一般类型
layer=0
mapedit=0
regionoffset=8.509888,17.705078,0.000000
template=\游戏资源\动态物体\npc\npc_江南山贼首领.txt
templateindex=0
texHeight=76
texWidth=54
texX=31
texY=70
