[MAIN]
elementnum=1
[0]
color=255,255,255,255
elementtype=1003
event=两湖区
groundoffset=1592.327393,3247.023438,0.000000
groupfile=null
groupid=0
id=901
iframe=0
kind=一般类型
layer=0
mapedit=0
regionoffset=8.327393,15.023438,0.000000
template=\游戏资源\动态物体\npc\npc_金环蟒蛇.txt
templateindex=0
texHeight=31
texWidth=43
texX=26
texY=24
