[MAIN]
elementnum=1
[0]
color=255,255,255,255
elementtype=1003
event=两湖区
groundoffset=1591.933716,3312.209473,0.000000
groupfile=null
groupid=0
id=961
iframe=0
kind=一般类型
layer=0
mapedit=0
regionoffset=7.933716,16.209473,0.000000
template=\游戏资源\动态物体\npc\npc_浣熊.txt
templateindex=0
texHeight=37
texWidth=23
texX=12
texY=26
