[MAIN]
elementnum=2
[0]
color=255,255,255,255
elementtype=1003
event=event094
groundoffset=1636.467163,3207.659912,0.000000
groupfile=null
groupid=0
id=208
iframe=0
kind=一般类型
layer=0
mapedit=0
regionoffset=4.467163,7.659912,0.000000
template=\游戏资源\动态物体\npc\npc_灵猫.txt
templateindex=0
texHeight=38
texWidth=16
texX=8
texY=29
[1]
color=255,255,255,255
elementtype=1003
event=event094
groundoffset=1638.233398,3229.627930,0.000000
groupfile=null
groupid=0
id=10268
iframe=0
kind=一般类型
layer=0
mapedit=0
regionoffset=6.233398,29.627930,0.000000
template=\游戏资源\动态物体\npc\npc_刺猬.txt
templateindex=0
texHeight=47
texWidth=47
texX=23
texY=42
