[MAIN]
elementnum=1
[0]
color=255,255,255,255
elementtype=10000
event=null
groundoffset=1632.528198,3219.304199,0.000000
groupfile=null
groupid=0
id=0
kind=“ª∞„¿‡–Õ
mapedit=0
obstacletype=1
pointarray=(0.000000,0.000000,0.000000,) (0.729736,-1.278320,0.000000,) (-0.374634,-2.114014,0.000000,) (-0.471558,-0.510254,0.000000,) (0.000000,0.000000,0.000000,) 
pointnum=5
radius=0.200000
regionoffset=0.528198,19.304199,0.000000
template=null
templateindex=0
