[MAIN]
elementnum=2
[0]
color=255,255,255,255
elementtype=10000
event=null
groundoffset=1627.893066,3218.970459,0.000000
groupfile=null
groupid=0
id=0
kind=一般类型
mapedit=0
obstacletype=1
pointarray=(3.811279,-0.468262,0.000000,) (4.889893,0.200927,0.000000,) (5.597534,-0.895508,0.000000,) (4.393066,-1.691407,0.000000,) (3.811279,-0.468262,0.000000,) 
pointnum=5
radius=0.200000
regionoffset=-4.106934,18.970459,0.000000
template=null
templateindex=0
[1]
color=255,255,255,255
elementtype=10000
event=null
groundoffset=1630.739502,3235.911377,0.000000
groupfile=null
groupid=0
id=0
kind=一般类型
mapedit=0
obstacletype=1
pointarray=(3.720703,-0.365234,0.000000,) (4.799316,0.303955,0.000000,) (5.506958,-0.792480,0.000000,) (4.302490,-1.588379,0.000000,) (3.720703,-0.365234,0.000000,) 
pointnum=5
radius=0.200000
regionoffset=-1.260498,35.911377,0.000000
template=null
templateindex=0
