[MAIN]
elementnum=1
[0]
color=255,255,255,255
elementtype=1003
event=event094
groundoffset=1605.503418,3273.374512,0.000000
groupfile=null
groupid=0
id=10272
iframe=0
kind=一般类型
layer=0
mapedit=0
regionoffset=5.503418,9.374512,0.000000
template=\游戏资源\动态物体\npc\npc_浣熊.txt
templateindex=0
texHeight=37
texWidth=23
texX=12
texY=26
