[MAIN]
elementnum=2
[0]
color=255,255,255,255
elementtype=10000
event=null
groundoffset=1603.639038,3280.418457,0.000000
groupfile=null
groupid=0
id=0
kind=一般类型
mapedit=0
obstacletype=1
pointarray=(0.000000,0.000000,0.000000,) (3.434570,-0.120605,0.000000,) (4.813599,-2.364014,0.000000,) (6.958496,-5.378174,0.000000,) (9.193359,-5.254395,0.000000,) (12.256958,-3.711182,0.000000,) (14.885742,-3.772705,0.000000,) (18.451416,-6.248535,0.000000,) 
pointnum=8
radius=0.200000
regionoffset=3.639038,16.418457,0.000000
template=null
templateindex=0
[1]
color=255,255,255,255
elementtype=10000
event=null
groundoffset=1603.731201,3279.803223,0.000000
groupfile=null
groupid=0
id=0
kind=一般类型
mapedit=0
obstacletype=1
pointarray=(0.000000,0.000000,0.000000,) (-0.671631,0.361816,0.000000,) (-1.126953,0.843018,0.000000,) (-0.237061,1.442627,0.000000,) (0.373291,1.442627,0.000000,) (0.614380,0.482178,0.000000,) (0.000000,0.000000,0.000000,) 
pointnum=7
radius=0.200000
regionoffset=3.731201,15.803223,0.000000
template=null
templateindex=0
