[MAIN]
elementnum=4
[0]
color=255,255,255,255
elementtype=10000
event=null
groundoffset=1605.703247,3294.657959,0.000000
groupfile=null
groupid=0
id=0
kind=一般类型
mapedit=0
obstacletype=1
pointarray=(4.518555,-0.399414,0.000000,) (5.597168,0.269775,0.000000,) (6.304810,-0.826660,0.000000,) (5.100342,-1.622559,0.000000,) (4.518555,-0.399414,0.000000,) 
pointnum=5
radius=0.200000
regionoffset=5.703247,30.657959,0.000000
template=null
templateindex=0
[1]
color=255,255,255,255
elementtype=10000
event=null
groundoffset=1597.692749,3282.982910,0.000000
groupfile=null
groupid=0
id=0
kind=一般类型
mapedit=0
obstacletype=1
pointarray=(3.720703,-0.365234,0.000000,) (4.799316,0.303955,0.000000,) (5.506958,-0.792480,0.000000,) (4.302490,-1.588379,0.000000,) (3.720703,-0.365234,0.000000,) 
pointnum=5
radius=0.200000
regionoffset=-2.307251,18.982910,0.000000
template=null
templateindex=0
[2]
color=255,255,255,255
elementtype=10000
event=null
groundoffset=1599.359253,3296.356934,0.000000
groupfile=null
groupid=0
id=0
kind=一般类型
mapedit=0
obstacletype=1
pointarray=(4.242798,-0.457275,0.000000,) (5.321411,0.211914,0.000000,) (6.029053,-0.884521,0.000000,) (4.824585,-1.680420,0.000000,) (4.242798,-0.457275,0.000000,) 
pointnum=5
radius=0.200000
regionoffset=-0.640747,32.356934,0.000000
template=null
templateindex=0
[3]
color=255,255,255,255
elementtype=10000
event=null
groundoffset=1605.912354,3278.582275,0.000000
groupfile=null
groupid=0
id=0
kind=一般类型
mapedit=0
obstacletype=1
pointarray=(4.242798,-0.457275,0.000000,) (5.321411,0.211914,0.000000,) (6.029053,-0.884521,0.000000,) (4.824585,-1.680420,0.000000,) (4.242798,-0.457275,0.000000,) 
pointnum=5
radius=0.200000
regionoffset=5.912354,14.582275,0.000000
template=null
templateindex=0
