[MAIN]
elementnum=1
[0]
color=255,255,255,255
elementtype=10000
event=null
groundoffset=1576.066650,3097.135986,0.000000
groupfile=null
groupid=0
id=0
kind=“ª∞„¿‡–Õ
mapedit=0
obstacletype=1
pointarray=(0.000000,0.000000,0.000000,) (0.605835,-1.052734,0.000000,) (-0.253418,-1.862061,0.000000,) (-0.513916,-0.990723,0.000000,) (0.000000,0.000000,0.000000,) 
pointnum=5
radius=0.200000
regionoffset=8.066650,25.135986,0.000000
template=null
templateindex=0
