[MAIN]
elementnum=2
[0]
color=255,255,255,255
elementtype=10000
event=null
groundoffset=1564.965576,3098.491699,0.000000
groupfile=null
groupid=0
id=0
kind=一般类型
mapedit=0
obstacletype=1
pointarray=(3.546997,-0.489014,0.000000,) (4.625610,0.180175,0.000000,) (5.333252,-0.916260,0.000000,) (4.128784,-1.712159,0.000000,) (3.546997,-0.489014,0.000000,) 
pointnum=5
radius=0.200000
regionoffset=-3.034424,26.491699,0.000000
template=null
templateindex=0
[1]
color=255,255,255,255
elementtype=10000
event=null
groundoffset=1571.337769,3097.357422,0.000000
groupfile=null
groupid=0
id=0
kind=一般类型
mapedit=0
obstacletype=1
pointarray=(3.791870,-0.670166,0.000000,) (4.870483,-0.000977,0.000000,) (5.578125,-1.097412,0.000000,) (4.373657,-1.893311,0.000000,) (3.791870,-0.670166,0.000000,) 
pointnum=5
radius=0.200000
regionoffset=3.337769,25.357422,0.000000
template=null
templateindex=0
