[MAIN]
elementnum=1
[0]
color=255,255,255,255
elementtype=10000
event=null
groundoffset=1442.827271,3155.490479,0.000000
groupfile=null
groupid=0
id=0
kind=“ª∞„¿‡–Õ
mapedit=0
obstacletype=2
pointarray=(0.575073,-1.829102,0.000000,) (1.426270,-0.912598,0.000000,) (2.717651,-1.034668,0.000000,) (3.347412,-2.258545,0.000000,) (2.431885,-3.428711,0.000000,) (0.953735,-2.935059,0.000000,) (0.575073,-1.829102,0.000000,) 
pointnum=7
radius=0.200000
regionoffset=2.827271,19.490479,0.000000
template=null
templateindex=0
