[MAIN]
elementnum=1
[0]
color=255,255,255,255
elementtype=1003
event=两湖区
groundoffset=1640.267456,3280.642578,0.000000
groupfile=null
groupid=0
id=886
iframe=0
kind=一般类型
layer=0
mapedit=0
regionoffset=8.267456,16.642578,0.000000
template=\游戏资源\动态物体\npc\npc_灰叶猴.txt
templateindex=0
texHeight=31
texWidth=27
texX=16
texY=26
