[MAIN]
elementnum=1
[0]
color=255,255,255,255
elementtype=1003
event=两湖区
groundoffset=1592.345581,3249.855469,0.000000
groupfile=null
groupid=0
id=919
iframe=0
kind=一般类型
layer=0
mapedit=0
regionoffset=8.345581,17.855469,0.000000
template=\游戏资源\动态物体\npc\npc_南宋官员2.txt
templateindex=0
texHeight=78
texWidth=35
texX=17
texY=72
