[MAIN]
elementnum=1
[0]
color=255,255,255,128
elementtype=1003
event=天忍教
groundoffset=1571.184570,3123.504150,0.000000
groupfile=null
groupid=0
id=418
iframe=14
kind=一般类型
layer=0
mapedit=0
regionoffset=3.184570,19.504150,0.000000
template=\游戏资源\动态物体\box\objsetting_小灰驴.txt
templateindex=14
texHeight=64
texWidth=83
texX=31
texY=63
