[MAIN]
elementnum=2
[0]
color=255,255,255,255
elementtype=1003
event=event094
groundoffset=1573.968262,3118.018555,0.000000
groupfile=null
groupid=0
id=170
iframe=0
kind=一般类型
layer=0
mapedit=0
regionoffset=5.968262,14.018555,0.000000
template=\游戏资源\动态物体\npc\npc_野猪.txt
templateindex=0
texHeight=64
texWidth=31
texX=15
texY=60
[1]
color=255,255,255,255
elementtype=1003
event=event094
groundoffset=1583.815918,3108.827637,0.000000
groupfile=null
groupid=0
id=131
iframe=0
kind=一般类型
layer=0
mapedit=0
regionoffset=15.815918,4.827637,0.000000
template=\游戏资源\动态物体\npc\npc_灵猫.txt
templateindex=0
texHeight=38
texWidth=16
texX=8
texY=29
