[MAIN]
elementnum=1
[0]
color=255,255,255,255
elementtype=1003
event=两湖区
groundoffset=1640.683472,3344.847412,0.000000
groupfile=null
groupid=0
id=874
iframe=0
kind=一般类型
layer=0
mapedit=0
regionoffset=8.683472,16.847412,0.000000
template=\游戏资源\动态物体\npc\npc_黑叶猴.txt
templateindex=0
texHeight=35
texWidth=27
texX=16
texY=30
