[MAIN]
elementnum=1
[0]
color=255,255,255,255
elementtype=1003
event=天忍教
groundoffset=1602.208618,3182.523438,0.000000
groupfile=null
groupid=0
id=1078
iframe=0
kind=一般类型
layer=0
mapedit=0
regionoffset=2.208618,14.523438,0.000000
template=\游戏资源\动态物体\npc\enemy\npcs_日、月坛坛主.txt
templateindex=0
texHeight=77
texWidth=30
texX=15
texY=70
