[MAIN]
elementnum=1
[0]
color=255,255,255,255
elementtype=10000
event=null
groundoffset=1613.583130,3198.274170,0.000000
groupfile=null
groupid=0
id=0
kind=“ª∞„¿‡–Õ
mapedit=0
obstacletype=1
pointarray=(0.000000,0.000000,0.000000,) (-0.948486,1.129395,0.000000,) (0.226318,2.428467,0.000000,) (1.207886,1.070068,0.000000,) (0.000000,0.000000,0.000000,) 
pointnum=5
radius=0.200000
regionoffset=13.583130,30.274170,0.000000
template=null
templateindex=0
