[MAIN]
elementnum=1
[0]
color=255,255,255,255
elementtype=10000
event=null
groundoffset=1611.734009,3168.692383,0.000000
groupfile=null
groupid=0
id=0
kind=“ª∞„¿‡–Õ
mapedit=0
obstacletype=1
pointarray=(-0.083618,2.144043,0.000000,) (3.643921,5.832275,0.000000,) (6.092041,3.214355,0.000000,) (2.483154,-1.040039,0.000000,) (-0.083618,2.144043,0.000000,) 
pointnum=5
radius=0.200000
regionoffset=11.734009,0.692383,0.000000
template=null
templateindex=0
