[MAIN]
elementnum=1
[0]
color=255,255,255,128
elementtype=1003
event=event094
groundoffset=1551.410034,3173.163818,0.000000
groupfile=null
groupid=0
id=120
iframe=0
kind=一般类型
layer=0
mapedit=0
regionoffset=15.410034,5.163818,0.000000
template=\游戏资源\动态物体\npc\npc_刺猬.txt
templateindex=0
texHeight=47
texWidth=47
texX=23
texY=36
