[MAIN]
elementnum=2
[0]
color=255,255,255,255
elementtype=10000
event=null
groundoffset=1548.210693,3168.264404,0.000000
groupfile=null
groupid=0
id=0
kind=一般类型
mapedit=0
obstacletype=1
pointarray=(0.000000,0.000000,0.000000,) (0.013916,10.948486,0.000000,) (0.121948,16.163818,0.000000,) (-0.025635,19.302979,0.000000,) (-0.228760,26.470947,0.000000,) 
pointnum=5
radius=0.200000
regionoffset=12.210693,0.264404,0.000000
template=null
templateindex=0
[1]
color=255,255,255,255
elementtype=10000
event=null
groundoffset=1547.978882,3194.705566,0.000000
groupfile=null
groupid=0
id=0
kind=一般类型
mapedit=0
obstacletype=1
pointarray=(0.000000,0.000000,0.000000,) (0.180664,2.281250,0.000000,) (0.691406,9.211182,0.000000,) (1.142822,11.683350,0.000000,) (2.742065,14.535156,0.000000,) (3.575195,15.471924,0.000000,) (3.949219,18.466064,0.000000,) 
pointnum=7
radius=0.200000
regionoffset=11.978882,26.705566,0.000000
template=null
templateindex=0
