[MAIN]
elementnum=3
[0]
color=255,255,255,255
elementtype=1003
event=event094
groundoffset=1703.000000,3138.000000,0.000000
groupfile=null
groupid=0
id=129
iframe=0
kind=一般类型
layer=0
mapedit=0
regionoffset=7.000000,2.000000,0.000000
template=\游戏资源\动态物体\npc\npc_刺猬.txt
templateindex=0
texHeight=47
texWidth=47
texX=23
texY=42
[1]
color=255,255,255,255
elementtype=1003
event=event094
groundoffset=1697.674805,3166.186035,0.000000
groupfile=null
groupid=0
id=10246
iframe=0
kind=一般类型
layer=0
mapedit=0
regionoffset=1.674805,30.186035,0.000000
template=\游戏资源\动态物体\npc\npc_野猪.txt
templateindex=0
texHeight=64
texWidth=31
texX=15
texY=60
[2]
color=255,255,255,255
elementtype=1003
event=event094
groundoffset=1708.267456,3163.373047,0.000000
groupfile=null
groupid=0
id=10247
iframe=0
kind=一般类型
layer=0
mapedit=0
regionoffset=12.267456,27.373047,0.000000
template=\游戏资源\动态物体\npc\npc_刺猬.txt
templateindex=0
texHeight=47
texWidth=47
texX=23
texY=42
