[MAIN]
elementnum=2
[0]
color=255,255,255,255
elementtype=10000
event=null
groundoffset=1705.327026,3140.319336,0.000000
groupfile=null
groupid=0
id=0
kind=一般类型
mapedit=0
obstacletype=1
pointarray=(0.000000,0.000000,0.000000,) (-0.776245,-0.615234,0.000000,) (-0.534424,-1.852539,0.000000,) (0.086060,-2.163086,0.000000,) (0.336914,-1.294678,0.000000,) (0.000000,0.000000,0.000000,) 
pointnum=6
radius=0.200000
regionoffset=9.327026,4.319336,0.000000
template=null
templateindex=0
[1]
color=255,255,255,255
elementtype=10000
event=null
groundoffset=1700.881226,3146.599854,0.000000
groupfile=null
groupid=0
id=0
kind=一般类型
mapedit=0
obstacletype=1
pointarray=(0.000000,0.000000,0.000000,) (-0.641357,-0.177979,0.000000,) (-1.106323,-0.654053,0.000000,) (-0.450684,-1.489990,0.000000,) (0.005127,-1.609619,0.000000,) (0.000000,0.000000,0.000000,) 
pointnum=6
radius=0.200000
regionoffset=4.881226,10.599854,0.000000
template=null
templateindex=0
