[MAIN]
elementnum=1
[0]
color=255,255,255,128
elementtype=1003
event=两湖区
groundoffset=1575.449463,3251.188232,0.000000
groupfile=null
groupid=0
id=1831
iframe=60
kind=一般类型
layer=0
mapedit=0
regionoffset=7.449463,19.188232,0.000000
template=\游戏资源\动态物体\npc\critter\npc_乌鸦.txt
templateindex=60
texHeight=27
texWidth=33
texX=15
texY=53
