[MAIN]
elementnum=2
[0]
color=255,255,255,255
elementtype=10000
event=null
groundoffset=1697.571045,3097.212402,0.000000
groupfile=null
groupid=0
id=0
kind=一般类型
mapedit=0
obstacletype=1
pointarray=(0.000000,0.000000,0.000000,) (0.064819,-4.860352,0.000000,) (-0.824585,-5.592285,0.000000,) (-3.009277,-2.500977,0.000000,) (-6.462769,0.834473,0.000000,) (-8.752930,2.479248,0.000000,) (-10.948975,2.887939,0.000000,) 
pointnum=7
radius=0.200000
regionoffset=1.571045,25.212402,0.000000
template=null
templateindex=0
[1]
color=255,255,255,255
elementtype=10000
event=null
groundoffset=1709.245117,3072.214355,0.000000
groupfile=null
groupid=0
id=0
kind=一般类型
mapedit=0
obstacletype=1
pointarray=(0.000000,0.000000,0.000000,) (-0.317993,-4.017334,0.000000,) (0.191040,-9.148438,0.000000,) (-2.635498,-11.930664,0.000000,) (-5.852051,-12.061035,0.000000,) (-7.700073,-12.126221,0.000000,) (-10.381836,-12.518066,0.000000,) (-11.914063,-10.825684,0.000000,) (-13.683472,-7.677002,0.000000,) (-14.722168,-8.891846,0.000000,) 
pointnum=10
radius=0.200000
regionoffset=13.245117,0.214355,0.000000
template=null
templateindex=0
