[MAIN]
brightness=255
color=255,255,255,255
event=…Ò≈©º‹
rect=97,94,137,117
verson=0
windspeed=0.100000,0.000000,0.000000
