[MAIN]
brightness=255
color=255,255,255,255
event=γκΎ©Έ
rect=68,71,140,121
verson=0
windspeed=0.100000,0.000000,0.000000
