[MAIN]
elementnum=1
[0]
color=255,255,255,255
elementtype=1003
event=两湖区
groundoffset=1608.306763,3281.301514,0.000000
groupfile=null
groupid=0
id=905
iframe=0
kind=一般类型
layer=0
mapedit=0
regionoffset=8.306763,17.301514,0.000000
template=\游戏资源\动态物体\npc\npc_练功木人.txt
templateindex=0
texHeight=74
texWidth=59
texX=16
texY=68
