[MAIN]
elementnum=1
[0]
color=255,255,255,255
elementtype=1003
event=两湖区
groundoffset=1656.692017,3185.301270,0.000000
groupfile=null
groupid=0
id=951
iframe=0
kind=一般类型
layer=0
mapedit=0
regionoffset=8.692017,17.301270,0.000000
template=\游戏资源\动态物体\npc\npc_野牛.txt
templateindex=0
texHeight=88
texWidth=35
texX=18
texY=62
