[MAIN]
brightness=255
color=255,255,255,255
event=½­½ò´å
rect=88,91,110,102
verson=0
windspeed=0.100000,0.000000,0.000000
