[MAIN]
brightness=255
color=255,255,255,255
event=null
rect=89,90,110,107
verson=0
windspeed=0.100000,0.020000,0.010000
