[MAIN]
elementnum=2
[0]
color=255,255,255,255
elementtype=1003
event=event094
groundoffset=1591.000000,3153.000000,0.000000
groupfile=null
groupid=0
id=159
iframe=0
kind=一般类型
layer=0
mapedit=0
regionoffset=7.000000,17.000000,0.000000
template=\游戏资源\动态物体\npc\npc_浣熊.txt
templateindex=0
texHeight=37
texWidth=23
texX=12
texY=26
[1]
color=255,255,255,255
elementtype=1003
event=event094
groundoffset=1596.609131,3142.488770,0.000000
groupfile=null
groupid=0
id=10217
iframe=0
kind=一般类型
layer=0
mapedit=0
regionoffset=12.609131,6.488770,0.000000
template=\游戏资源\动态物体\npc\npc_刺猬.txt
templateindex=0
texHeight=47
texWidth=47
texX=23
texY=42
