[MAIN]
elementnum=2
[0]
color=255,255,255,255
elementtype=10000
event=null
groundoffset=1590.950806,3157.950684,0.000000
groupfile=null
groupid=0
id=0
kind=一般类型
mapedit=0
obstacletype=1
pointarray=(0.000000,0.000000,0.000000,) (-1.915527,6.250000,0.000000,) (-5.326904,8.391846,0.000000,) (-8.583008,9.453125,0.000000,) (-9.788574,11.905762,0.000000,) 
pointnum=5
radius=0.200000
regionoffset=6.950806,21.950684,0.000000
template=null
templateindex=0
[1]
color=255,255,255,255
elementtype=10000
event=null
groundoffset=1599.192261,3164.968994,0.000000
groupfile=null
groupid=0
id=0
kind=一般类型
mapedit=0
obstacletype=1
pointarray=(0.000000,0.000000,0.000000,) (1.557251,1.816162,0.000000,) (2.915283,-0.202881,0.000000,) (1.467896,-1.288330,0.000000,) (0.000000,0.000000,0.000000,) 
pointnum=5
radius=0.200000
regionoffset=15.192261,28.968994,0.000000
template=null
templateindex=0
