[MAIN]
elementnum=1
[0]
color=255,255,255,255
elementtype=1003
event=两湖区
groundoffset=1592.211182,3184.467285,0.000000
groupfile=null
groupid=0
id=913
iframe=0
kind=一般类型
layer=0
mapedit=0
regionoffset=8.211182,16.467285,0.000000
template=\游戏资源\动态物体\npc\npc_南宋差役1.txt
templateindex=0
texHeight=68
texWidth=40
texX=20
texY=61
