[MAIN]
elementnum=1
[0]
color=255,255,255,255
elementtype=10000
event=null
groundoffset=1599.668457,3168.592529,0.000000
groupfile=null
groupid=0
id=0
kind=“ª∞„¿‡–Õ
mapedit=0
obstacletype=1
pointarray=(0.000000,0.000000,0.000000,) (-31.050293,0.127441,0.000000,) 
pointnum=2
radius=0.200000
regionoffset=15.668457,0.592529,0.000000
template=null
templateindex=0
