[MAIN]
elementnum=1
[0]
color=255,255,255,255
elementtype=1003
event=两湖区
groundoffset=1640.094849,3345.355957,0.000000
groupfile=null
groupid=0
id=946
iframe=0
kind=一般类型
layer=0
mapedit=0
regionoffset=8.094849,17.355957,0.000000
template=\游戏资源\动态物体\npc\npc_雪怪.txt
templateindex=0
texHeight=63
texWidth=42
texX=21
texY=56
