[MAIN]
elementnum=1
[0]
color=255,255,255,255
elementtype=1003
event=两湖区
groundoffset=1576.284790,3344.606689,0.000000
groupfile=null
groupid=0
id=930
iframe=0
kind=一般类型
layer=0
mapedit=0
regionoffset=8.284790,16.606689,0.000000
template=\游戏资源\动态物体\npc\npc_山贼05.txt
templateindex=0
texHeight=73
texWidth=35
texX=18
texY=63
