[MAIN]
elementnum=2
[0]
color=255,255,255,255
elementtype=1003
event=event094
groundoffset=1582.266235,3265.265625,0.000000
groupfile=null
groupid=0
id=10279
iframe=0
kind=一般类型
layer=0
mapedit=0
regionoffset=14.266235,1.265625,0.000000
template=\游戏资源\动态物体\npc\npc_刺猬.txt
templateindex=0
texHeight=47
texWidth=47
texX=23
texY=42
[1]
color=255,255,255,255
elementtype=1003
event=event094
groundoffset=1577.175537,3274.918213,0.000000
groupfile=null
groupid=0
id=10280
iframe=0
kind=一般类型
layer=0
mapedit=0
regionoffset=9.175537,10.918213,0.000000
template=\游戏资源\动态物体\npc\npc_刺猬.txt
templateindex=0
texHeight=47
texWidth=47
texX=23
texY=42
