[MAIN]
elementnum=3
[0]
color=255,255,255,255
elementtype=10000
event=null
groundoffset=1576.643433,3276.705078,0.000000
groupfile=null
groupid=0
id=0
kind=一般类型
mapedit=0
obstacletype=1
pointarray=(0.000000,0.000000,0.000000,) (1.818115,2.270264,0.000000,) (4.361816,2.616943,0.000000,) (7.489624,1.051270,0.000000,) (9.469360,2.140625,0.000000,) (12.565918,2.565430,0.000000,) (15.436157,0.921631,0.000000,) 
pointnum=7
radius=0.200000
regionoffset=8.643433,12.705078,0.000000
template=null
templateindex=0
[1]
color=255,255,255,255
elementtype=10000
event=null
groundoffset=1569.143799,3274.973633,0.000000
groupfile=null
groupid=0
id=0
kind=一般类型
mapedit=0
obstacletype=1
pointarray=(0.000000,0.000000,0.000000,) (8.305542,2.122314,0.000000,) 
pointnum=2
radius=0.200000
regionoffset=1.143799,10.973633,0.000000
template=null
templateindex=0
[2]
color=255,255,255,255
elementtype=10000
event=null
groundoffset=1577.792603,3276.542969,0.000000
groupfile=null
groupid=0
id=0
kind=一般类型
mapedit=0
obstacletype=1
pointarray=(0.000000,0.000000,0.000000,) (-1.296143,-0.385254,0.000000,) (-1.451050,0.640137,0.000000,) (-0.441650,1.532959,0.000000,) (0.156616,1.150879,0.000000,) (0.000000,0.000000,0.000000,) 
pointnum=6
radius=0.200000
regionoffset=9.792603,12.542969,0.000000
template=null
templateindex=0
