[MAIN]
elementnum=1
[0]
color=255,255,255,255
elementtype=1003
event=两湖区
groundoffset=1607.979614,3219.586426,0.000000
groupfile=null
groupid=0
id=881
iframe=0
kind=一般类型
layer=0
mapedit=0
regionoffset=7.979614,19.586426,0.000000
template=\游戏资源\动态物体\npc\npc_华南虎.txt
templateindex=0
texHeight=67
texWidth=26
texX=12
texY=53
