[MAIN]
elementnum=3
[0]
color=255,255,255,255
elementtype=1003
event=event094
groundoffset=1590.212158,3275.095459,0.000000
groupfile=null
groupid=0
id=10281
iframe=0
kind=一般类型
layer=0
mapedit=0
regionoffset=6.212158,11.095459,0.000000
template=\游戏资源\动态物体\npc\npc_刺猬.txt
templateindex=0
texHeight=47
texWidth=47
texX=23
texY=42
[1]
color=255,255,255,255
elementtype=1003
event=event094
groundoffset=1587.063477,3272.956543,0.000000
groupfile=null
groupid=0
id=10282
iframe=0
kind=一般类型
layer=0
mapedit=0
regionoffset=3.063477,8.956543,0.000000
template=\游戏资源\动态物体\npc\npc_浣熊.txt
templateindex=0
texHeight=37
texWidth=23
texX=12
texY=26
[2]
color=255,255,255,255
elementtype=1003
event=event094
groundoffset=1596.119751,3265.950195,0.000000
groupfile=null
groupid=0
id=10283
iframe=0
kind=一般类型
layer=0
mapedit=0
regionoffset=12.119751,1.950195,0.000000
template=\游戏资源\动态物体\npc\npc_野猪.txt
templateindex=0
texHeight=64
texWidth=31
texX=15
texY=60
