[MAIN]
elementnum=2
[0]
color=255,255,255,255
elementtype=10000
event=null
groundoffset=1592.051392,3277.626709,0.000000
groupfile=null
groupid=0
id=0
kind=一般类型
mapedit=0
obstacletype=1
pointarray=(0.000000,0.000000,0.000000,) (3.148315,2.188477,0.000000,) (6.087891,2.731445,0.000000,) (8.393799,3.752686,0.000000,) (11.666016,2.791748,0.000000,) 
pointnum=5
radius=0.200000
regionoffset=8.051392,13.626709,0.000000
template=null
templateindex=0
[1]
color=255,255,255,255
elementtype=10000
event=null
groundoffset=1592.238525,3276.927246,0.000000
groupfile=null
groupid=0
id=0
kind=一般类型
mapedit=0
obstacletype=1
pointarray=(0.000000,0.000000,0.000000,) (-0.682007,0.766602,0.000000,) (-0.666870,1.720215,0.000000,) (-0.033203,2.100342,0.000000,) (0.182983,1.847168,0.000000,) (0.300903,1.275879,0.000000,) (0.000000,0.000000,0.000000,) 
pointnum=7
radius=0.200000
regionoffset=8.238525,12.927246,0.000000
template=null
templateindex=0
