[MAIN]
elementnum=1
[0]
color=255,255,255,255
elementtype=10000
event=null
groundoffset=1652.675903,3254.242920,0.000000
groupfile=null
groupid=0
id=0
kind=“ª∞„¿‡–Õ
mapedit=0
obstacletype=1
pointarray=(0.000000,0.000000,0.000000,) (1.033813,-3.782471,0.000000,) (2.211182,-7.766846,0.000000,) (6.001953,-7.046631,0.000000,) (6.622192,-9.518799,0.000000,) (4.545288,-20.203613,0.000000,) (-0.056274,-17.495117,0.000000,) (-1.249268,-13.052002,0.000000,) (-0.652954,-0.681152,0.000000,) (0.000000,0.000000,0.000000,) 
pointnum=10
radius=0.200000
regionoffset=4.675903,22.242920,0.000000
template=null
templateindex=0
