[MAIN]
elementnum=1
[0]
color=255,255,255,255
elementtype=1003
event=event094
groundoffset=1714.900513,3103.000000,0.000000
groupfile=null
groupid=0
id=187
iframe=0
kind=一般类型
layer=0
mapedit=0
regionoffset=2.900513,31.000000,0.000000
template=\游戏资源\动态物体\npc\npc_刺猬.txt
templateindex=0
texHeight=47
texWidth=47
texX=23
texY=36
