[MAIN]
elementnum=3
[0]
color=255,255,255,255
elementtype=10000
event=null
groundoffset=1716.467529,3093.583740,0.000000
groupfile=null
groupid=0
id=0
kind=一般类型
mapedit=0
obstacletype=1
pointarray=(0.000000,0.000000,0.000000,) (0.061157,-2.873047,0.000000,) (0.032837,-6.940186,0.000000,) (-1.556641,-12.481934,0.000000,) (-2.479858,-16.763672,0.000000,) (-3.716553,-19.858887,0.000000,) (-5.393921,-20.908203,0.000000,) (-7.261353,-21.404053,0.000000,) 
pointnum=8
radius=0.200000
regionoffset=4.467529,21.583740,0.000000
template=null
templateindex=0
[1]
color=255,255,255,255
elementtype=10000
event=null
groundoffset=1716.916504,3094.349365,0.000000
groupfile=null
groupid=0
id=0
kind=一般类型
mapedit=0
obstacletype=1
pointarray=(0.000000,0.000000,0.000000,) (-0.227051,25.883545,0.000000,) 
pointnum=2
radius=0.200000
regionoffset=4.916504,22.349365,0.000000
template=null
templateindex=0
[2]
color=255,255,255,255
elementtype=10000
event=null
groundoffset=1716.855957,3092.920410,0.000000
groupfile=null
groupid=0
id=0
kind=一般类型
mapedit=0
obstacletype=1
pointarray=(0.000000,0.000000,0.000000,) (-0.570557,0.234619,0.000000,) (-0.496704,1.169434,0.000000,) (-0.158447,1.693115,0.000000,) (0.203857,1.809326,0.000000,) (0.000000,0.000000,0.000000,) 
pointnum=6
radius=0.200000
regionoffset=4.855957,20.920410,0.000000
template=null
templateindex=0
