[MAIN]
brightness=255
color=255,255,255,255
event=Ã∆√≈
rect=138,75,162,90
verson=0
windspeed=0.100000,0.000000,0.000000
