[MAIN]
elementnum=1
[0]
color=255,255,255,255
elementtype=1003
event=两湖区
groundoffset=1640.203125,3281.174561,0.000000
groupfile=null
groupid=0
id=868
iframe=0
kind=一般类型
layer=0
mapedit=0
regionoffset=8.203125,17.174561,0.000000
template=\游戏资源\动态物体\npc\npc_东北山贼1.txt
templateindex=0
texHeight=84
texWidth=57
texX=28
texY=76
