[MAIN]
elementnum=2
[0]
color=255,255,255,255
elementtype=1003
event=event094
groundoffset=1641.000000,3133.000000,0.000000
groupfile=null
groupid=0
id=148
iframe=0
kind=一般类型
layer=0
mapedit=0
regionoffset=9.000000,29.000000,0.000000
template=\游戏资源\动态物体\npc\npc_灵猫.txt
templateindex=0
texHeight=76
texWidth=37
texX=19
texY=70
[1]
color=255,255,255,255
elementtype=1003
event=event094
groundoffset=1646.800049,3107.000000,0.000000
groupfile=null
groupid=0
id=173
iframe=0
kind=一般类型
layer=0
mapedit=0
regionoffset=14.800049,3.000000,0.000000
template=\游戏资源\动态物体\npc\npc_刺猬.txt
templateindex=0
texHeight=47
texWidth=47
texX=23
texY=36
