[MAIN]
elementnum=2
[0]
color=255,255,255,128
elementtype=1003
event=event094
groundoffset=1548.995972,3144.036865,0.000000
groupfile=null
groupid=0
id=167
iframe=0
kind=一般类型
layer=0
mapedit=0
regionoffset=12.995972,8.036865,0.000000
template=\游戏资源\动态物体\npc\npc_浣熊.txt
templateindex=0
texHeight=37
texWidth=23
texX=11
texY=56
[1]
color=255,255,255,128
elementtype=1003
event=event094
groundoffset=1549.776978,3167.413330,0.000000
groupfile=null
groupid=0
id=113
iframe=0
kind=一般类型
layer=0
mapedit=0
regionoffset=13.776978,31.413330,0.000000
template=\游戏资源\动态物体\npc\npc_浣熊.txt
templateindex=0
texHeight=37
texWidth=23
texX=11
texY=56
