[MAIN]
elementnum=1
[0]
color=255,255,255,255
elementtype=10000
event=null
groundoffset=1547.134033,3138.503418,0.000000
groupfile=null
groupid=0
id=0
kind=“ª∞„¿‡–Õ
mapedit=0
obstacletype=1
pointarray=(0.000000,0.000000,0.000000,) (0.500732,5.598389,0.000000,) (1.373291,11.416260,0.000000,) (2.529541,15.825195,0.000000,) (2.894043,19.428711,0.000000,) (2.009399,20.443848,0.000000,) (-1.151489,23.611328,0.000000,) (1.094360,29.843018,0.000000,) 
pointnum=8
radius=0.200000
regionoffset=11.134033,2.503418,0.000000
template=null
templateindex=0
