[MAIN]
elementnum=2
[0]
color=255,255,255,255
elementtype=10000
event=null
groundoffset=1683.575928,3272.725586,0.000000
groupfile=null
groupid=0
id=0
kind=一般类型
mapedit=0
obstacletype=1
pointarray=(0.000000,0.000000,0.000000,) (1.893921,-3.422119,0.000000,) (3.623535,-3.179932,0.000000,) (6.877808,-3.301025,0.000000,) (8.695313,-0.715088,0.000000,) (11.669067,0.118896,0.000000,) (13.136841,-0.297607,0.000000,) 
pointnum=7
radius=0.200000
regionoffset=3.575928,8.725586,0.000000
template=null
templateindex=0
[1]
color=255,255,255,255
elementtype=10000
event=null
groundoffset=1683.533813,3271.470215,0.000000
groupfile=null
groupid=0
id=0
kind=一般类型
mapedit=0
obstacletype=1
pointarray=(0.000000,0.000000,0.000000,) (-0.491455,1.509277,0.000000,) (0.197998,2.072021,0.000000,) (0.632690,1.634277,0.000000,) (0.786987,1.070313,0.000000,) (0.000000,0.000000,0.000000,) 
pointnum=6
radius=0.200000
regionoffset=3.533813,7.470215,0.000000
template=null
templateindex=0
