[MAIN]
elementnum=3
[0]
color=255,255,255,255
elementtype=10000
event=null
groundoffset=1683.582031,3290.958740,0.000000
groupfile=null
groupid=0
id=0
kind=一般类型
mapedit=0
obstacletype=1
pointarray=(3.720703,-0.365234,0.000000,) (4.799316,0.303955,0.000000,) (5.506958,-0.792480,0.000000,) (4.302490,-1.588379,0.000000,) (3.720703,-0.365234,0.000000,) 
pointnum=5
radius=0.200000
regionoffset=3.582031,26.958740,0.000000
template=null
templateindex=0
[1]
color=255,255,255,255
elementtype=10000
event=null
groundoffset=1690.281128,3294.795898,0.000000
groupfile=null
groupid=0
id=0
kind=一般类型
mapedit=0
obstacletype=1
pointarray=(3.720703,-0.365234,0.000000,) (4.799316,0.303955,0.000000,) (5.506958,-0.792480,0.000000,) (4.302490,-1.588379,0.000000,) (3.720703,-0.365234,0.000000,) 
pointnum=5
radius=0.200000
regionoffset=10.281128,30.795898,0.000000
template=null
templateindex=0
[2]
color=255,255,255,255
elementtype=10000
event=null
groundoffset=1675.365723,3291.514404,0.000000
groupfile=null
groupid=0
id=0
kind=一般类型
mapedit=0
obstacletype=1
pointarray=(4.670654,-0.405029,0.000000,) (5.749268,0.264160,0.000000,) (6.456909,-0.832275,0.000000,) (5.252441,-1.628174,0.000000,) (4.670654,-0.405029,0.000000,) 
pointnum=5
radius=0.200000
regionoffset=-4.634277,27.514404,0.000000
template=null
templateindex=0
