[MAIN]
elementnum=1
[0]
color=255,255,255,255
elementtype=1003
event=两湖区
groundoffset=1624.919189,3184.884766,0.000000
groupfile=null
groupid=0
id=914
iframe=0
kind=一般类型
layer=0
mapedit=0
regionoffset=8.919189,16.884766,0.000000
template=\游戏资源\动态物体\npc\npc_南宋刀兵1.txt
templateindex=0
texHeight=78
texWidth=49
texX=29
texY=71
