[MAIN]
elementnum=1
[0]
color=255,255,255,255
elementtype=1003
event=两湖区
groundoffset=1576.474976,3280.775635,0.000000
groupfile=null
groupid=0
id=942
iframe=0
kind=一般类型
layer=0
mapedit=0
regionoffset=8.474976,16.775635,0.000000
template=\游戏资源\动态物体\npc\npc_西南山贼首领.txt
templateindex=0
texHeight=80
texWidth=50
texX=30
texY=74
