[MAIN]
elementnum=3
[0]
color=255,255,255,255
elementtype=10000
event=null
groundoffset=1577.584473,3216.509277,0.000000
groupfile=null
groupid=0
id=0
kind=一般类型
mapedit=0
obstacletype=1
pointarray=(0.000000,0.000000,0.000000,) (-1.004395,-0.477539,0.000000,) (-1.034180,-1.256348,0.000000,) (-0.025269,-1.376221,0.000000,) (0.000000,0.000000,0.000000,) 
pointnum=5
radius=0.200000
regionoffset=9.584473,16.509277,0.000000
template=null
templateindex=0
[1]
color=255,255,255,255
elementtype=10000
event=null
groundoffset=1570.571411,3203.992920,0.000000
groupfile=null
groupid=0
id=0
kind=一般类型
mapedit=0
obstacletype=1
pointarray=(0.000000,0.000000,0.000000,) (0.912964,0.749756,0.000000,) (3.203735,-2.266846,0.000000,) (5.751221,-4.241211,0.000000,) (9.290649,-1.950439,0.000000,) (10.424072,-0.125000,0.000000,) (12.341675,0.749756,0.000000,) (15.142578,-0.312988,0.000000,) 
pointnum=8
radius=0.200000
regionoffset=2.571411,3.992920,0.000000
template=null
templateindex=0
[2]
color=255,255,255,255
elementtype=10000
event=null
groundoffset=1583.241577,3204.139893,0.000000
groupfile=null
groupid=0
id=0
kind=一般类型
mapedit=0
obstacletype=1
pointarray=(0.000000,0.000000,0.000000,) (1.609985,4.478516,0.000000,) (2.445313,5.083496,0.000000,) (3.238403,4.599609,0.000000,) (5.782715,1.114502,0.000000,) (6.592529,-2.437988,0.000000,) (5.273193,-4.653564,0.000000,) (2.181274,-5.355469,0.000000,) (0.429932,-4.399170,0.000000,) (0.000000,0.000000,0.000000,) 
pointnum=10
radius=0.200000
regionoffset=15.241577,4.139893,0.000000
template=null
templateindex=0
