[MAIN]
elementnum=3
[0]
color=255,255,255,255
elementtype=10000
event=null
groundoffset=1572.341675,3216.778809,0.000000
groupfile=null
groupid=0
id=0
kind=一般类型
mapedit=0
obstacletype=1
pointarray=(3.848389,-0.426025,0.000000,) (4.927002,0.243164,0.000000,) (5.634644,-0.853271,0.000000,) (4.430176,-1.649170,0.000000,) (3.848389,-0.426025,0.000000,) 
pointnum=5
radius=0.200000
regionoffset=4.341675,16.778809,0.000000
template=null
templateindex=0
[1]
color=255,255,255,255
elementtype=10000
event=null
groundoffset=1563.264160,3229.583252,0.000000
groupfile=null
groupid=0
id=0
kind=一般类型
mapedit=0
obstacletype=1
pointarray=(4.670654,-0.405029,0.000000,) (5.749268,0.264160,0.000000,) (6.456909,-0.832275,0.000000,) (5.252441,-1.628174,0.000000,) (4.670654,-0.405029,0.000000,) 
pointnum=5
radius=0.200000
regionoffset=-4.735840,29.583252,0.000000
template=null
templateindex=0
[2]
color=255,255,255,255
elementtype=10000
event=null
groundoffset=1580.638306,3205.285156,0.000000
groupfile=null
groupid=0
id=0
kind=一般类型
mapedit=0
obstacletype=1
pointarray=(0.000000,0.000000,0.000000,) 
pointnum=1
radius=0.300000
regionoffset=12.638306,5.285156,0.000000
template=null
templateindex=0
