[MAIN]
elementnum=1
[0]
color=255,255,255,255
elementtype=1003
event=两湖区
groundoffset=1608.122925,3344.375732,0.000000
groupfile=null
groupid=0
id=911
iframe=0
kind=一般类型
layer=0
mapedit=0
regionoffset=8.122925,16.375732,0.000000
template=\游戏资源\动态物体\npc\npc_木人.txt
templateindex=0
texHeight=69
texWidth=60
texX=33
texY=60
