[MAIN]
elementnum=1
[0]
color=255,255,255,255
elementtype=1003
event=两湖区
groundoffset=1656.797974,3312.719727,0.000000
groupfile=null
groupid=0
id=945
iframe=0
kind=一般类型
layer=0
mapedit=0
regionoffset=8.797974,16.719727,0.000000
template=\游戏资源\动态物体\npc\npc_雪豹.txt
templateindex=0
texHeight=65
texWidth=28
texX=13
texY=51
