[MAIN]
elementnum=3
[0]
color=255,255,255,255
elementtype=1003
event=event094
groundoffset=1552.397095,3119.414307,0.000000
groupfile=null
groupid=0
id=160
iframe=0
kind=一般类型
layer=0
mapedit=0
regionoffset=0.397095,15.414307,0.000000
template=\游戏资源\动态物体\npc\npc_浣熊.txt
templateindex=0
texHeight=37
texWidth=23
texX=12
texY=26
[1]
color=255,255,255,255
elementtype=1003
event=event094
groundoffset=1567.673584,3134.256836,0.000000
groupfile=null
groupid=0
id=10206
iframe=0
kind=一般类型
layer=0
mapedit=0
regionoffset=15.673584,30.256836,0.000000
template=\游戏资源\动态物体\npc\npc_刺猬.txt
templateindex=0
texHeight=47
texWidth=47
texX=23
texY=42
[2]
color=255,255,255,255
elementtype=1003
event=event094
groundoffset=1555.647339,3127.574951,0.000000
groupfile=null
groupid=0
id=10208
iframe=0
kind=一般类型
layer=0
mapedit=0
regionoffset=3.647339,23.574951,0.000000
template=\游戏资源\动态物体\npc\npc_刺猬.txt
templateindex=0
texHeight=47
texWidth=47
texX=23
texY=42
