[MAIN]
elementnum=1
[0]
color=255,255,255,255
elementtype=10000
event=null
groundoffset=1567.078491,3106.288574,0.000000
groupfile=null
groupid=0
id=0
kind=“ª∞„¿‡–Õ
mapedit=0
obstacletype=1
pointarray=(0.000000,0.000000,0.000000,) (0.690796,-0.529297,0.000000,) (2.263550,-8.844238,0.000000,) (2.907349,-12.077881,0.000000,) (1.385376,-10.640625,0.000000,) (0.876953,-7.921875,0.000000,) (-0.337036,-0.411621,0.000000,) (0.000000,0.000000,0.000000,) 
pointnum=8
radius=0.200000
regionoffset=15.078491,2.288574,0.000000
template=null
templateindex=0
