[MAIN]
elementnum=2
[0]
color=255,255,255,255
elementtype=1003
event=event094
groundoffset=1607.000000,3082.000000,0.000000
groupfile=null
groupid=0
id=102
iframe=0
kind=一般类型
layer=0
mapedit=0
regionoffset=7.000000,10.000000,0.000000
template=\游戏资源\动态物体\npc\npc_刺猬.txt
templateindex=0
texHeight=47
texWidth=47
texX=23
texY=42
[1]
color=255,255,255,255
elementtype=1003
event=event094
groundoffset=1610.221069,3096.118164,0.000000
groupfile=null
groupid=0
id=10221
iframe=0
kind=一般类型
layer=0
mapedit=0
regionoffset=10.221069,24.118164,0.000000
template=\游戏资源\动态物体\npc\npc_刺猬.txt
templateindex=0
texHeight=47
texWidth=47
texX=23
texY=42
