[MAIN]
elementnum=1
[0]
color=255,255,255,255
elementtype=10000
event=null
groundoffset=1607.259888,3077.389404,0.000000
groupfile=null
groupid=0
id=0
kind=“ª∞„¿‡–Õ
mapedit=0
obstacletype=1
pointarray=(0.000000,0.000000,0.000000,) (-1.054443,-3.248047,0.000000,) (-2.935913,-8.446533,0.000000,) (-6.913452,-12.037842,0.000000,) (-7.895630,-13.544434,0.000000,) (-12.085815,-15.190674,0.000000,) (-14.729980,-15.763916,0.000000,) (-18.073853,-16.146973,0.000000,) (-19.997681,-14.365723,0.000000,) (-21.237183,-13.607666,0.000000,) 
pointnum=10
radius=0.200000
regionoffset=7.259888,5.389404,0.000000
template=null
templateindex=0
