[MAIN]
elementnum=1
[0]
color=255,255,255,255
elementtype=1003
event=两湖区
groundoffset=1576.050537,3279.975098,0.000000
groupfile=null
groupid=0
id=870
iframe=0
kind=一般类型
layer=0
mapedit=0
regionoffset=8.050537,15.975098,0.000000
template=\游戏资源\动态物体\npc\npc_东北山贼首领.txt
templateindex=0
texHeight=78
texWidth=32
texX=16
texY=68
