[MAIN]
elementnum=3
[0]
color=255,255,255,255
elementtype=1003
event=event094
groundoffset=1601.471436,3138.133789,0.000000
groupfile=null
groupid=0
id=151
iframe=0
kind=一般类型
layer=0
mapedit=0
regionoffset=1.471436,2.133789,0.000000
template=\游戏资源\动态物体\npc\npc_刺猬.txt
templateindex=0
texHeight=47
texWidth=47
texX=23
texY=42
[1]
color=255,255,255,255
elementtype=1003
event=event094
groundoffset=1605.183472,3152.641357,0.000000
groupfile=null
groupid=0
id=10227
iframe=0
kind=一般类型
layer=0
mapedit=0
regionoffset=5.183472,16.641357,0.000000
template=\游戏资源\动态物体\npc\npc_刺猬.txt
templateindex=0
texHeight=47
texWidth=47
texX=23
texY=42
[2]
color=255,255,255,255
elementtype=1003
event=event094
groundoffset=1611.594604,3149.995605,0.000000
groupfile=null
groupid=0
id=10228
iframe=0
kind=一般类型
layer=0
mapedit=0
regionoffset=11.594604,13.995605,0.000000
template=\游戏资源\动态物体\npc\npc_刺猬.txt
templateindex=0
texHeight=47
texWidth=47
texX=23
texY=42
