[MAIN]
elementnum=3
[0]
color=255,255,255,128
elementtype=1003
event=event094
groundoffset=1660.000000,3179.000000,0.000000
groupfile=null
groupid=0
id=139
iframe=0
kind=一般类型
layer=0
mapedit=0
regionoffset=12.000000,11.000000,0.000000
template=\游戏资源\动态物体\npc\npc_野猪.txt
templateindex=0
texHeight=64
texWidth=31
texX=15
texY=60
[1]
color=255,255,255,128
elementtype=1003
event=event094
groundoffset=1662.352417,3199.229736,0.000000
groupfile=null
groupid=0
id=107
iframe=0
kind=一般类型
layer=0
mapedit=0
regionoffset=14.352417,31.229736,0.000000
template=\游戏资源\动态物体\npc\npc_野猪.txt
templateindex=0
texHeight=64
texWidth=31
texX=15
texY=60
[2]
color=255,255,255,128
elementtype=1003
event=event094
groundoffset=1655.046509,3190.646973,0.000000
groupfile=null
groupid=0
id=186
iframe=0
kind=一般类型
layer=0
mapedit=0
regionoffset=7.046509,22.646973,0.000000
template=\游戏资源\动态物体\npc\npc_刺猬.txt
templateindex=0
texHeight=47
texWidth=47
texX=23
texY=36
