[MAIN]
elementnum=2
[0]
color=255,255,255,255
elementtype=10000
event=null
groundoffset=1663.911743,3176.607910,0.000000
groupfile=null
groupid=0
id=0
kind=一般类型
mapedit=0
obstacletype=1
pointarray=(0.000000,0.000000,0.000000,) (0.602783,-1.618652,0.000000,) (-0.532349,-1.980469,0.000000,) (0.000000,0.000000,0.000000,) 
pointnum=4
radius=0.200000
regionoffset=15.911743,8.607910,0.000000
template=null
templateindex=0
[1]
color=255,255,255,255
elementtype=10000
event=null
groundoffset=1659.436646,3182.749023,0.000000
groupfile=null
groupid=0
id=0
kind=一般类型
mapedit=0
obstacletype=1
pointarray=(0.000000,0.000000,0.000000,) (-0.774170,-0.481689,0.000000,) (-0.581909,-1.630615,0.000000,) (0.221924,-1.327637,0.000000,) (0.000000,0.000000,0.000000,) 
pointnum=5
radius=0.200000
regionoffset=11.436646,14.749023,0.000000
template=null
templateindex=0
