[MAIN]
elementnum=4
[0]
color=255,255,255,255
elementtype=1003
event=event094
groundoffset=1604.000000,3104.000000,0.000000
groupfile=null
groupid=0
id=111
iframe=0
kind=一般类型
layer=0
mapedit=0
regionoffset=4.000000,0.000000,0.000000
template=\游戏资源\动态物体\npc\npc_野猪.txt
templateindex=0
texHeight=64
texWidth=31
texX=15
texY=60
[1]
color=255,255,255,255
elementtype=1003
event=event094
groundoffset=1607.000000,3131.000000,0.000000
groupfile=null
groupid=0
id=151
iframe=0
kind=一般类型
layer=0
mapedit=0
regionoffset=7.000000,27.000000,0.000000
template=\游戏资源\动态物体\npc\npc_刺猬.txt
templateindex=0
texHeight=47
texWidth=47
texX=23
texY=42
[2]
color=255,255,255,255
elementtype=1003
event=event094
groundoffset=1609.799805,3128.102051,0.000000
groupfile=null
groupid=0
id=100
iframe=0
kind=一般类型
layer=0
mapedit=0
regionoffset=9.799805,24.102051,0.000000
template=\游戏资源\动态物体\npc\npc_野猪.txt
templateindex=0
texHeight=64
texWidth=31
texX=15
texY=60
[3]
color=255,255,255,255
elementtype=1003
event=event094
groundoffset=1615.958496,3108.402832,0.000000
groupfile=null
groupid=0
id=122
iframe=0
kind=一般类型
layer=0
mapedit=0
regionoffset=15.958496,4.402832,0.000000
template=\游戏资源\动态物体\npc\npc_浣熊.txt
templateindex=0
texHeight=37
texWidth=23
texX=12
texY=26
