[MAIN]
elementnum=1
[0]
color=255,255,255,255
elementtype=10000
event=null
groundoffset=1607.369019,3126.782227,0.000000
groupfile=null
groupid=0
id=0
kind=“ª∞„¿‡–Õ
mapedit=0
obstacletype=1
pointarray=(0.000000,0.000000,0.000000,) (0.987305,0.401855,0.000000,) (1.405273,-0.864258,0.000000,) (1.224121,-2.838623,0.000000,) (2.284180,-5.130371,0.000000,) (3.595825,-6.376709,0.000000,) (5.327026,-6.019775,0.000000,) (5.806030,-7.931641,0.000000,) (4.322266,-9.742676,0.000000,) (2.419189,-10.350342,0.000000,) (1.185791,-13.543213,0.000000,) (0.647705,-18.311279,0.000000,) (-1.093384,-20.035156,0.000000,) (-1.830688,-17.676758,0.000000,) (-1.885132,-9.924805,0.000000,) (-2.783813,-7.931641,0.000000,) (-4.363525,-5.426514,0.000000,) (-4.150879,-3.481934,0.000000,) (-3.329346,-3.013916,0.000000,) (-2.162842,-3.951416,0.000000,) (-0.373901,-2.955322,0.000000,) (0.000000,0.000000,0.000000,) 
pointnum=22
radius=0.200000
regionoffset=7.369019,22.782227,0.000000
template=null
templateindex=0
