[MAIN]
elementnum=1
[0]
color=255,255,255,255
elementtype=1003
event=两湖区
groundoffset=1607.774780,3216.885010,0.000000
groupfile=null
groupid=0
id=935
iframe=0
kind=一般类型
layer=0
mapedit=0
regionoffset=7.774780,16.885010,0.000000
template=\游戏资源\动态物体\npc\npc_铜人.txt
templateindex=0
texHeight=64
texWidth=38
texX=19
texY=58
