[MAIN]
elementnum=1
[0]
color=255,255,255,128
elementtype=1003
event=event094
groundoffset=1623.209595,3070.675293,0.000000
groupfile=null
groupid=0
id=162
iframe=0
kind=一般类型
layer=0
mapedit=0
regionoffset=7.209595,30.675293,0.000000
template=\游戏资源\动态物体\npc\npc_野猪.txt
templateindex=0
texHeight=64
texWidth=31
texX=15
texY=60
