[MAIN]
elementnum=1
[0]
color=255,255,255,255
elementtype=10000
event=null
groundoffset=1621.904297,3062.969727,0.000000
groupfile=null
groupid=0
id=0
kind=“ª∞„¿‡–Õ
mapedit=0
obstacletype=1
pointarray=(0.000000,0.000000,0.000000,) (-1.229614,3.989502,0.000000,) (-1.868774,8.751465,0.000000,) (-2.686035,12.438232,0.000000,) 
pointnum=4
radius=0.200000
regionoffset=5.904297,22.969727,0.000000
template=null
templateindex=0
