[MAIN]
elementnum=4
[0]
color=255,255,255,255
elementtype=10000
event=null
groundoffset=1623.484253,3061.064209,0.000000
groupfile=null
groupid=0
id=0
kind=一般类型
mapedit=0
obstacletype=1
pointarray=(4.242798,-0.457275,0.000000,) (5.321411,0.211914,0.000000,) (6.029053,-0.884521,0.000000,) (4.824585,-1.680420,0.000000,) (4.242798,-0.457275,0.000000,) 
pointnum=5
radius=0.200000
regionoffset=7.484253,21.064209,0.000000
template=null
templateindex=0
[1]
color=255,255,255,255
elementtype=10000
event=null
groundoffset=1616.472168,3063.175537,0.000000
groupfile=null
groupid=0
id=0
kind=一般类型
mapedit=0
obstacletype=1
pointarray=(4.670654,-0.405029,0.000000,) (5.749268,0.264160,0.000000,) (6.456909,-0.832275,0.000000,) (5.252441,-1.628174,0.000000,) (4.670654,-0.405029,0.000000,) 
pointnum=5
radius=0.200000
regionoffset=0.472168,23.175537,0.000000
template=null
templateindex=0
[2]
color=255,255,255,255
elementtype=10000
event=null
groundoffset=1621.380737,3051.985840,0.000000
groupfile=null
groupid=0
id=0
kind=一般类型
mapedit=0
obstacletype=1
pointarray=(3.720703,-0.365234,0.000000,) (4.799316,0.303955,0.000000,) (5.506958,-0.792480,0.000000,) (4.302490,-1.588379,0.000000,) (3.720703,-0.365234,0.000000,) 
pointnum=5
radius=0.200000
regionoffset=5.380737,11.985840,0.000000
template=null
templateindex=0
[3]
color=255,255,255,255
elementtype=10000
event=null
groundoffset=1614.047119,3075.489014,0.000000
groupfile=null
groupid=0
id=0
kind=一般类型
mapedit=0
obstacletype=1
pointarray=(3.720703,-0.365234,0.000000,) (4.799316,0.303955,0.000000,) (5.506958,-0.792480,0.000000,) (4.302490,-1.588379,0.000000,) (3.720703,-0.365234,0.000000,) 
pointnum=5
radius=0.200000
regionoffset=-1.952881,35.489014,0.000000
template=null
templateindex=0
