[MAIN]
elementnum=2
[0]
color=255,255,255,255
elementtype=10000
event=null
groundoffset=1523.085449,3097.563477,0.000000
groupfile=null
groupid=0
id=0
kind=一般类型
mapedit=0
obstacletype=2
pointarray=(2.566895,-3.152588,0.000000,) (1.401733,-2.847168,0.000000,) (1.254028,-1.266602,0.000000,) (3.155396,-1.327148,0.000000,) (3.409302,-2.603027,0.000000,) 
pointnum=5
radius=0.200000
regionoffset=3.085449,25.563477,0.000000
template=null
templateindex=0
[1]
color=255,255,255,255
elementtype=10000
event=null
groundoffset=1526.703735,3101.493164,0.000000
groupfile=null
groupid=0
id=0
kind=一般类型
mapedit=0
obstacletype=2
pointarray=(0.575073,-1.829102,0.000000,) (1.426270,-0.912598,0.000000,) (2.717651,-1.034668,0.000000,) (3.347412,-2.258545,0.000000,) (2.431885,-3.428711,0.000000,) (0.953735,-2.935059,0.000000,) (0.575073,-1.829102,0.000000,) 
pointnum=7
radius=0.200000
regionoffset=6.703735,29.493164,0.000000
template=null
templateindex=0
