[MAIN]
elementnum=1
[0]
color=255,255,255,255
elementtype=1003
event=两湖区
groundoffset=1640.188965,3344.745850,0.000000
groupfile=null
groupid=0
id=928
iframe=0
kind=一般类型
layer=0
mapedit=0
regionoffset=8.188965,16.745850,0.000000
template=\游戏资源\动态物体\npc\npc_山贼03.txt
templateindex=0
texHeight=73
texWidth=44
texX=26
texY=64
