[MAIN]
elementnum=2
[0]
color=255,255,255,128
elementtype=1003
event=event094
groundoffset=1632.000000,3142.000000,0.000000
groupfile=null
groupid=0
id=188
iframe=0
kind=一般类型
layer=0
mapedit=0
regionoffset=0.000000,6.000000,0.000000
template=\游戏资源\动态物体\npc\npc_灵猫.txt
templateindex=0
texHeight=38
texWidth=16
texX=8
texY=29
[1]
color=255,255,255,128
elementtype=1003
event=两湖区
groundoffset=1641.269775,3154.446533,0.000000
groupfile=null
groupid=0
id=1832
iframe=0
kind=一般类型
layer=0
mapedit=0
regionoffset=9.269775,18.446533,0.000000
template=\游戏资源\动态物体\npc\critter\npc_乌鸦.txt
templateindex=0
texHeight=49
texWidth=37
texX=19
texY=45
