[MAIN]
elementnum=4
[0]
color=255,255,255,255
elementtype=10000
event=null
groundoffset=1633.281250,3147.605957,0.000000
groupfile=null
groupid=0
id=0
kind=一般类型
mapedit=0
obstacletype=1
pointarray=(0.000000,0.000000,0.000000,) (2.955322,2.045654,0.000000,) 
pointnum=2
radius=0.200000
regionoffset=1.281250,11.605957,0.000000
template=null
templateindex=0
[1]
color=255,255,255,255
elementtype=10000
event=null
groundoffset=1645.822998,3157.771240,0.000000
groupfile=null
groupid=0
id=0
kind=一般类型
mapedit=0
obstacletype=1
pointarray=(0.000000,0.000000,0.000000,) (1.909180,2.552734,0.000000,) 
pointnum=2
radius=0.200000
regionoffset=13.822998,21.771240,0.000000
template=null
templateindex=0
[2]
color=255,255,255,255
elementtype=10000
event=null
groundoffset=1643.316895,3138.166504,0.000000
groupfile=\游戏资源\组件\defaultgroup.txt
groupid=10002826
id=0
kind=一般类型
mapedit=0
obstacletype=1
pointarray=(0.000000,0.000000,0.000000,) (-1.124756,1.557129,0.000000,) (0.368530,3.514160,0.000000,) (1.280396,2.093018,0.000000,) (0.000000,0.000000,0.000000,) 
pointnum=5
radius=0.200000
regionoffset=11.316895,2.166504,0.000000
template=null
templateindex=0
[3]
color=255,255,255,255
elementtype=10000
event=null
groundoffset=1642.540527,3160.430908,0.000000
groupfile=\游戏资源\组件\defaultgroup.txt
groupid=10002832
id=0
kind=一般类型
mapedit=0
obstacletype=1
pointarray=(0.000000,0.000000,0.000000,) (-1.124756,1.557129,0.000000,) (0.368530,3.514160,0.000000,) (1.280396,2.093018,0.000000,) (0.000000,0.000000,0.000000,) 
pointnum=5
radius=0.200000
regionoffset=10.540527,24.430908,0.000000
template=null
templateindex=0
