[MAIN]
elementnum=3
[0]
color=255,255,255,255
elementtype=1003
event=event094
groundoffset=1604.000000,3226.000000,0.000000
groupfile=null
groupid=0
id=156
iframe=0
kind=一般类型
layer=0
mapedit=9
regionoffset=4.000000,26.000000,0.000000
template=\游戏资源\动态物体\npc\npc_灵猫.txt
templateindex=0
texHeight=38
texWidth=16
texX=8
texY=29
[1]
color=255,255,255,255
elementtype=1003
event=event094
groundoffset=1603.000000,3231.000000,0.000000
groupfile=null
groupid=0
id=182
iframe=0
kind=一般类型
layer=0
mapedit=0
regionoffset=3.000000,31.000000,0.000000
template=\游戏资源\动态物体\npc\npc_浣熊.txt
templateindex=0
texHeight=37
texWidth=23
texX=12
texY=26
[2]
color=255,255,255,128
elementtype=1003
event=两湖区
groundoffset=1610.174927,3206.257080,0.000000
groupfile=null
groupid=0
id=1829
iframe=60
kind=一般类型
layer=0
mapedit=0
regionoffset=10.174927,6.257080,0.000000
template=\游戏资源\动态物体\npc\critter\npc_乌鸦.txt
templateindex=60
texHeight=27
texWidth=33
texX=15
texY=53
