[MAIN]
elementnum=4
[0]
color=255,255,255,255
elementtype=1003
event=event094
groundoffset=1591.000000,3133.000000,0.000000
groupfile=null
groupid=0
id=131
iframe=0
kind=一般类型
layer=0
mapedit=0
regionoffset=7.000000,29.000000,0.000000
template=\游戏资源\动态物体\npc\npc_灵猫.txt
templateindex=0
texHeight=38
texWidth=16
texX=8
texY=29
[1]
color=255,255,255,255
elementtype=1003
event=event094
groundoffset=1584.000000,3135.000000,0.000000
groupfile=null
groupid=0
id=170
iframe=0
kind=一般类型
layer=0
mapedit=0
regionoffset=0.000000,31.000000,0.000000
template=\游戏资源\动态物体\npc\npc_野猪.txt
templateindex=0
texHeight=64
texWidth=31
texX=15
texY=60
[2]
color=255,255,255,255
elementtype=1003
event=event094
groundoffset=1599.982788,3113.796387,0.000000
groupfile=null
groupid=0
id=155
iframe=0
kind=一般类型
layer=0
mapedit=0
regionoffset=15.982788,9.796387,0.000000
template=\游戏资源\动态物体\npc\npc_野猪.txt
templateindex=0
texHeight=64
texWidth=31
texX=15
texY=60
[3]
color=255,255,255,255
elementtype=1003
event=event094
groundoffset=1587.213135,3129.016113,0.000000
groupfile=null
groupid=0
id=10216
iframe=0
kind=一般类型
layer=0
mapedit=0
regionoffset=3.213135,25.016113,0.000000
template=\游戏资源\动态物体\npc\npc_刺猬.txt
templateindex=0
texHeight=47
texWidth=47
texX=23
texY=42
