[MAIN]
color=255,255,255,255
event=Á½ºþÇø
rect=98,99,103,104
verson=0
windspeed=0.100000,0.000000,0.000000
