[MAIN]
elementnum=1
[0]
color=255,255,255,255
elementtype=1003
event=两湖区
groundoffset=1624.121826,3313.969727,0.000000
groupfile=null
groupid=0
id=890
iframe=0
kind=一般类型
layer=0
mapedit=0
regionoffset=8.121826,17.969727,0.000000
template=\游戏资源\动态物体\npc\npc_江南山贼2.txt
templateindex=0
texHeight=63
texWidth=35
texX=20
texY=56
