[MAIN]
elementnum=1
[0]
color=255,255,255,255
elementtype=1003
event=两湖区
groundoffset=1656.297974,3248.606689,0.000000
groupfile=null
groupid=0
id=957
iframe=0
kind=一般类型
layer=0
mapedit=0
regionoffset=8.297974,16.606689,0.000000
template=\游戏资源\动态物体\npc\npc_中原山贼2.txt
templateindex=0
texHeight=78
texWidth=53
texX=38
texY=71
