[MAIN]
elementnum=1
[0]
color=255,255,255,255
elementtype=1003
event=两湖区
groundoffset=1591.790527,3248.328125,0.000000
groupfile=null
groupid=0
id=937
iframe=0
kind=一般类型
layer=0
mapedit=0
regionoffset=7.790527,16.328125,0.000000
template=\游戏资源\动态物体\npc\npc_西北山贼1.txt
templateindex=0
texHeight=83
texWidth=57
texX=45
texY=77
