[MAIN]
elementnum=1
[0]
color=255,255,255,255
elementtype=1003
event=天忍教
groundoffset=1683.890015,3063.638184,0.000000
groupfile=null
groupid=0
id=419
iframe=56
kind=一般类型
layer=0
mapedit=0
regionoffset=3.890015,23.638184,0.000000
template=\游戏资源\动态物体\box\objsetting_小黄狗.txt
templateindex=56
texHeight=42
texWidth=61
texX=19
texY=32
