[MAIN]
elementnum=1
[0]
color=255,255,255,255
elementtype=10000
event=null
groundoffset=1694.527344,3063.322754,0.000000
groupfile=null
groupid=0
id=0
kind=“ª∞„¿‡–Õ
mapedit=0
obstacletype=1
pointarray=(0.000000,0.000000,0.000000,) (-2.516968,-2.388184,0.000000,) (-5.034424,-2.778320,0.000000,) (-7.775513,-2.973633,0.000000,) (-11.399902,-2.713135,0.000000,) (-14.083862,-0.256592,0.000000,) (-15.589722,-0.578125,0.000000,) (-17.468262,0.576416,0.000000,) (-19.621338,4.311279,0.000000,) 
pointnum=9
radius=0.200000
regionoffset=14.527344,23.322754,0.000000
template=null
templateindex=0
