[MAIN]
elementnum=2
[0]
color=255,255,255,255
elementtype=1003
event=event094
groundoffset=1707.300171,3066.102051,0.000000
groupfile=null
groupid=0
id=185
iframe=0
kind=一般类型
layer=0
mapedit=0
regionoffset=11.300171,26.102051,0.000000
template=\游戏资源\动态物体\npc\npc_野猪.txt
templateindex=0
texHeight=64
texWidth=31
texX=15
texY=60
[1]
color=255,255,255,255
elementtype=1003
event=event094
groundoffset=1696.808350,3071.197510,0.000000
groupfile=null
groupid=0
id=10238
iframe=0
kind=一般类型
layer=0
mapedit=0
regionoffset=0.808350,31.197510,0.000000
template=\游戏资源\动态物体\npc\npc_刺猬.txt
templateindex=0
texHeight=47
texWidth=47
texX=23
texY=42
