[MAIN]
elementnum=1
[0]
color=255,255,255,255
elementtype=10000
event=null
groundoffset=1709.251709,3070.879150,0.000000
groupfile=null
groupid=0
id=0
kind=“ª∞„¿‡–Õ
mapedit=0
obstacletype=1
pointarray=(0.000000,0.000000,0.000000,) (-0.255615,0.725586,0.000000,) (-0.158447,1.710449,0.000000,) (0.224609,1.972412,0.000000,) (0.639648,1.579346,0.000000,) (0.000000,0.000000,0.000000,) 
pointnum=6
radius=0.200000
regionoffset=13.251709,30.879150,0.000000
template=null
templateindex=0
