[MAIN]
elementnum=3
[0]
color=255,255,255,255
elementtype=1003
event=event094
groundoffset=1566.000000,3152.000000,0.000000
groupfile=null
groupid=0
id=165
iframe=0
kind=一般类型
layer=0
mapedit=0
regionoffset=14.000000,16.000000,0.000000
template=\游戏资源\动态物体\npc\npc_刺猬.txt
templateindex=0
texHeight=47
texWidth=47
texX=23
texY=42
[1]
color=255,255,255,255
elementtype=1003
event=event094
groundoffset=1552.000000,3153.000000,0.000000
groupfile=null
groupid=0
id=167
iframe=0
kind=一般类型
layer=0
mapedit=0
regionoffset=0.000000,17.000000,0.000000
template=\游戏资源\动态物体\npc\npc_浣熊.txt
templateindex=0
texHeight=37
texWidth=23
texX=12
texY=26
[2]
color=255,255,255,255
elementtype=1003
event=event094
groundoffset=1552.916138,3164.038086,0.000000
groupfile=null
groupid=0
id=10209
iframe=0
kind=一般类型
layer=0
mapedit=0
regionoffset=0.916138,28.038086,0.000000
template=\游戏资源\动态物体\npc\npc_刺猬.txt
templateindex=0
texHeight=47
texWidth=47
texX=23
texY=42
