[MAIN]
elementnum=1
[0]
color=255,255,255,255
elementtype=10000
event=null
groundoffset=1567.296875,3155.597900,0.000000
groupfile=null
groupid=0
id=0
kind=“ª∞„¿‡–Õ
mapedit=0
obstacletype=1
pointarray=(0.000000,0.000000,0.000000,) (0.557373,-0.761719,0.000000,) (0.328613,-1.467773,0.000000,) (-0.492920,-1.232178,0.000000,) (-0.899536,-0.351074,0.000000,) (0.000000,0.000000,0.000000,) 
pointnum=6
radius=0.200000
regionoffset=15.296875,19.597900,0.000000
template=null
templateindex=0
