[MAIN]
elementnum=1
[0]
color=255,255,255,255
elementtype=1003
event=两湖区
groundoffset=1624.298584,3313.862549,0.000000
groupfile=null
groupid=0
id=872
iframe=0
kind=一般类型
layer=0
mapedit=0
regionoffset=8.298584,17.862549,0.000000
template=\游戏资源\动态物体\npc\npc_怪人.txt
templateindex=0
texHeight=73
texWidth=50
texX=14
texY=67
