[MAIN]
elementnum=2
[0]
color=255,255,255,255
elementtype=1003
event=event094
groundoffset=1668.000000,3272.000000,0.000000
groupfile=null
groupid=0
id=117
iframe=0
kind=一般类型
layer=0
mapedit=0
regionoffset=4.000000,8.000000,0.000000
template=\游戏资源\动态物体\npc\npc_野猪.txt
templateindex=0
texHeight=64
texWidth=31
texX=15
texY=60
[1]
color=255,255,255,255
elementtype=1003
event=event094
groundoffset=1675.598022,3267.434570,0.000000
groupfile=null
groupid=0
id=176
iframe=0
kind=一般类型
layer=0
mapedit=0
regionoffset=11.598022,3.434570,0.000000
template=\游戏资源\动态物体\npc\npc_浣熊.txt
templateindex=0
texHeight=37
texWidth=23
texX=12
texY=26
