[MAIN]
elementnum=1
[0]
color=255,255,255,255
elementtype=10000
event=null
groundoffset=1664.197510,3272.289063,0.000000
groupfile=null
groupid=0
id=0
kind=“ª∞„¿‡–Õ
mapedit=0
obstacletype=1
pointarray=(0.000000,0.000000,0.000000,) (-0.878662,0.627686,0.000000,) (-1.133179,1.751953,0.000000,) (0.075562,2.435547,0.000000,) (0.668091,2.187256,0.000000,) (0.000000,0.000000,0.000000,) 
pointnum=6
radius=0.200000
regionoffset=0.197510,8.289063,0.000000
template=null
templateindex=0
