[MAIN]
elementnum=1
[0]
color=255,255,255,255
elementtype=1003
event=两湖区
groundoffset=1656.520020,3183.623779,0.000000
groupfile=null
groupid=0
id=897
iframe=0
kind=一般类型
layer=0
mapedit=0
regionoffset=8.520020,15.623779,0.000000
template=\游戏资源\动态物体\npc\npc_金国弓兵2.txt
templateindex=0
texHeight=76
texWidth=34
texX=16
texY=68
