[MAIN]
elementnum=1
[0]
color=255,255,255,255
elementtype=1003
event=两湖区
groundoffset=1656.187500,3248.606689,0.000000
groupfile=null
groupid=0
id=885
iframe=0
kind=一般类型
layer=0
mapedit=0
regionoffset=8.187500,16.606689,0.000000
template=\游戏资源\动态物体\npc\npc_灰狼.txt
templateindex=0
texHeight=60
texWidth=22
texX=11
texY=65
