[MAIN]
elementnum=1
[0]
color=255,255,255,255
elementtype=1003
event=两湖区
groundoffset=1591.799927,3185.041748,0.000000
groupfile=null
groupid=0
id=931
iframe=0
kind=一般类型
layer=0
mapedit=0
regionoffset=7.799927,17.041748,0.000000
template=\游戏资源\动态物体\npc\npc_山贼06.txt
templateindex=0
texHeight=80
texWidth=41
texX=18
texY=73
