[MAIN]
elementnum=2
[0]
color=255,255,255,255
elementtype=1003
event=event094
groundoffset=1667.596924,3173.030273,0.000000
groupfile=null
groupid=0
id=10258
iframe=0
kind=一般类型
layer=0
mapedit=0
regionoffset=3.596924,5.030273,0.000000
template=\游戏资源\动态物体\npc\npc_刺猬.txt
templateindex=0
texHeight=47
texWidth=47
texX=23
texY=42
[1]
color=255,255,255,255
elementtype=1003
event=event094
groundoffset=1679.729004,3180.658691,0.000000
groupfile=null
groupid=0
id=10259
iframe=0
kind=一般类型
layer=0
mapedit=0
regionoffset=15.729004,12.658691,0.000000
template=\游戏资源\动态物体\npc\npc_刺猬.txt
templateindex=0
texHeight=47
texWidth=47
texX=23
texY=42
