[MAIN]
elementnum=1
[0]
color=255,255,255,255
elementtype=1003
event=两湖区
groundoffset=1656.681030,3312.745850,0.000000
groupfile=null
groupid=0
id=927
iframe=0
kind=一般类型
layer=0
mapedit=0
regionoffset=8.681030,16.745850,0.000000
template=\游戏资源\动态物体\npc\npc_山贼02.txt
templateindex=0
texHeight=73
texWidth=48
texX=35
texY=65
