[MAIN]
elementnum=4
[0]
color=255,255,255,255
elementtype=1003
event=event094
groundoffset=1650.069702,3209.169434,0.000000
groupfile=null
groupid=0
id=142
iframe=0
kind=一般类型
layer=0
mapedit=0
regionoffset=2.069702,9.169434,0.000000
template=\游戏资源\动态物体\npc\npc_浣熊.txt
templateindex=0
texHeight=37
texWidth=23
texX=12
texY=26
[1]
color=255,255,255,255
elementtype=1003
event=event094
groundoffset=1655.769043,3224.077393,0.000000
groupfile=null
groupid=0
id=140
iframe=0
kind=一般类型
layer=0
mapedit=0
regionoffset=7.769043,24.077393,0.000000
template=\游戏资源\动态物体\npc\npc_浣熊.txt
templateindex=0
texHeight=37
texWidth=23
texX=12
texY=26
[2]
color=255,255,255,255
elementtype=1003
event=event094
groundoffset=1661.301392,3231.951904,0.000000
groupfile=null
groupid=0
id=10261
iframe=0
kind=一般类型
layer=0
mapedit=0
regionoffset=13.301392,31.951904,0.000000
template=\游戏资源\动态物体\npc\npc_刺猬.txt
templateindex=0
texHeight=47
texWidth=47
texX=23
texY=42
[3]
color=255,255,255,255
elementtype=1003
event=event094
groundoffset=1654.926392,3231.889160,0.000000
groupfile=null
groupid=0
id=192
iframe=0
kind=一般类型
layer=0
mapedit=0
regionoffset=6.926392,31.889160,0.000000
template=\游戏资源\动态物体\npc\npc_刺猬.txt
templateindex=0
texHeight=47
texWidth=47
texX=23
texY=42
