[MAIN]
elementnum=1
[0]
color=255,255,255,255
elementtype=10000
event=null
groundoffset=1535.658813,3267.883545,0.000000
groupfile=null
groupid=0
id=0
kind=“ª∞„¿‡–Õ
mapedit=0
obstacletype=1
pointarray=(0.000000,0.000000,0.000000,) (3.350830,1.150879,0.000000,) (6.801025,-0.173340,0.000000,) (10.338379,-0.636230,0.000000,) (16.314087,1.040283,0.000000,) (19.409180,2.398193,0.000000,) 
pointnum=6
radius=0.200000
regionoffset=15.658813,3.883545,0.000000
template=null
templateindex=0
