[MAIN]
elementnum=2
[0]
color=255,255,255,128
elementtype=1003
event=event094
groundoffset=1651.000000,3071.000000,0.000000
groupfile=null
groupid=0
id=191
iframe=0
kind=一般类型
layer=0
mapedit=0
regionoffset=3.000000,31.000000,0.000000
template=\游戏资源\动态物体\npc\npc_刺猬.txt
templateindex=0
texHeight=47
texWidth=47
texX=23
texY=36
[1]
color=255,255,255,128
elementtype=1003
event=event094
groundoffset=1662.000000,3069.700684,0.000000
groupfile=null
groupid=0
id=200
iframe=0
kind=一般类型
layer=0
mapedit=0
regionoffset=14.000000,29.700684,0.000000
template=\游戏资源\动态物体\npc\npc_野猪.txt
templateindex=0
texHeight=64
texWidth=31
texX=15
texY=60
