[MAIN]
elementnum=2
[0]
color=255,255,255,255
elementtype=10000
event=null
groundoffset=1660.380249,3066.394531,0.000000
groupfile=null
groupid=0
id=0
kind=一般类型
mapedit=0
obstacletype=1
pointarray=(0.000000,0.000000,0.000000,) (-2.035278,2.000000,0.000000,) (-3.429688,4.163086,0.000000,) (-4.753174,5.143555,0.000000,) (-6.760864,2.124268,0.000000,) (-9.914429,1.439697,0.000000,) (-13.111816,1.813477,0.000000,) 
pointnum=7
radius=0.200000
regionoffset=12.380249,26.394531,0.000000
template=null
templateindex=0
[1]
color=255,255,255,255
elementtype=10000
event=null
groundoffset=1659.999023,3066.201660,0.000000
groupfile=null
groupid=0
id=0
kind=一般类型
mapedit=0
obstacletype=1
pointarray=(0.000000,0.000000,0.000000,) (6.582031,-2.518555,0.000000,) 
pointnum=2
radius=0.200000
regionoffset=11.999023,26.201660,0.000000
template=null
templateindex=0
