[MAIN]
elementnum=1
[0]
color=255,255,255,255
elementtype=1003
event=两湖区
groundoffset=1656.117554,3249.023926,0.000000
groupfile=null
groupid=0
id=939
iframe=0
kind=一般类型
layer=0
mapedit=0
regionoffset=8.117554,17.023926,0.000000
template=\游戏资源\动态物体\npc\npc_西北山贼首领.txt
templateindex=0
texHeight=76
texWidth=34
texX=17
texY=67
