[MAIN]
elementnum=1
[0]
color=255,255,255,255
elementtype=1003
event=两湖区
groundoffset=1656.350464,3184.509033,0.000000
groupfile=null
groupid=0
id=933
iframe=0
kind=一般类型
layer=0
mapedit=0
regionoffset=8.350464,16.509033,0.000000
template=\游戏资源\动态物体\npc\npc_山贼首领1.txt
templateindex=0
texHeight=79
texWidth=59
texX=42
texY=70
