[MAIN]
elementnum=1
[0]
color=255,255,255,255
elementtype=1003
event=两湖区
groundoffset=1607.820923,3217.307617,0.000000
groupfile=null
groupid=0
id=953
iframe=0
kind=一般类型
layer=0
mapedit=0
regionoffset=7.820923,17.307617,0.000000
template=\游戏资源\动态物体\npc\npc_战斗和尚.txt
templateindex=0
texHeight=78
texWidth=78
texX=41
texY=65
