[MAIN]
elementnum=1
[0]
color=255,255,255,255
elementtype=1003
event=两湖区
groundoffset=1640.340576,3344.908691,0.000000
groupfile=null
groupid=0
id=910
iframe=0
kind=一般类型
layer=0
mapedit=0
regionoffset=8.340576,16.908691,0.000000
template=\游戏资源\动态物体\npc\npc_梅花鹿.txt
templateindex=0
texHeight=61
texWidth=33
texX=17
texY=53
