[MAIN]
elementnum=4
[0]
color=255,255,255,255
elementtype=1003
event=event094
groundoffset=1687.000000,3156.000000,0.000000
groupfile=null
groupid=0
id=197
iframe=0
kind=一般类型
layer=0
mapedit=0
regionoffset=7.000000,20.000000,0.000000
template=\游戏资源\动态物体\npc\npc_灵猫.txt
templateindex=0
texHeight=38
texWidth=16
texX=8
texY=29
[1]
color=255,255,255,255
elementtype=1003
event=event094
groundoffset=1681.000000,3152.501465,0.000000
groupfile=null
groupid=0
id=166
iframe=0
kind=一般类型
layer=0
mapedit=0
regionoffset=1.000000,16.501465,0.000000
template=\游戏资源\动态物体\npc\npc_刺猬.txt
templateindex=0
texHeight=47
texWidth=47
texX=23
texY=42
[2]
color=255,255,255,255
elementtype=1003
event=event094
groundoffset=1687.099731,3143.000000,0.000000
groupfile=null
groupid=0
id=104
iframe=0
kind=一般类型
layer=0
mapedit=0
regionoffset=7.099731,7.000000,0.000000
template=\游戏资源\动态物体\npc\npc_浣熊.txt
templateindex=0
texHeight=37
texWidth=23
texX=12
texY=26
[3]
color=255,255,255,255
elementtype=1003
event=event094
groundoffset=1694.638428,3137.452393,0.000000
groupfile=null
groupid=0
id=10243
iframe=0
kind=一般类型
layer=0
mapedit=0
regionoffset=14.638428,1.452393,0.000000
template=\游戏资源\动态物体\npc\npc_刺猬.txt
templateindex=0
texHeight=47
texWidth=47
texX=23
texY=42
