[MAIN]
elementnum=1
[0]
color=255,255,255,255
elementtype=10000
event=null
groundoffset=1684.822510,3156.834717,0.000000
groupfile=null
groupid=0
id=0
kind=“ª∞„¿‡–Õ
mapedit=0
obstacletype=1
pointarray=(0.000000,0.000000,0.000000,) (0.404419,-5.579834,0.000000,) (0.343262,-15.120361,0.000000,) (-0.260132,-23.714355,0.000000,) (-1.191089,-44.090401,0.000000,) (4.125977,-35.978760,0.000000,) 
pointnum=6
radius=0.200000
regionoffset=4.822510,20.834717,0.000000
template=null
templateindex=0
