[MAIN]
elementnum=1
[0]
color=255,255,255,255
elementtype=10000
event=null
groundoffset=1565.240112,3234.386963,0.000000
groupfile=null
groupid=0
id=0
kind=“ª∞„¿‡–Õ
mapedit=0
obstacletype=1
pointarray=(0.000000,0.000000,0.000000,) (3.501953,-5.879639,0.000000,) 
pointnum=2
radius=0.200000
regionoffset=13.240112,2.386963,0.000000
template=null
templateindex=0
